['$17', 0.0, 100.0, 150.0, 100.0, 200.0, 150.0, 0.0, 50.0, 150.0, '$3', 200.0, 150.0, '$4', 50.0, '$2', 0.0, 50.0, 150.0, 50.0, '$6', 0.0, '$2', 50.0, '$8', 0.0, '$2', 50.0, '$2', 0.0, '$3', 50.0, '$13', 0.0, 50.0, '$4', 0.0, 50.0, '$11', 0.0, '$3', 50.0, '$7', 0.0, '$3', 50.0, 0.0, 50.0, 0.0, '$4', 50.0, 100.0, 50.0, 100.0, 150.0, 50.0, '$2', 0.0, '$3', 50.0, 100.0, 150.0, 50.0, '$11', 0.0, '$5', 50.0, 100.0, '$2', 200.0, '$2', 150.0, '$2', 200.0, 100.0, 150.0, 100.0, 150.0, 100.0, '$3', 50.0, 0.0, 50.0, 100.0, 150.0, 100.0, 0.0, '$2', 50.0, '$4', 0.0, '$4', 50.0, 150.0, 200.0, '$3', 50.0, 100.0, 150.0, '$4', 0.0, '$3', 50.0, '$4', 100.0, '$3', 50.0, 150.0, 200.0, 150.0, 100.0, 50.0, 100.0, '$2', 150.0, '$2', 100.0, '$2', 150.0, '$2', 100.0, '$3', 150.0, 200.0, 100.0, '$3', 50.0, '$5', 0.0, '$2', 50.0, '$5', 0.0, '$2', 50.0, 100.0, 50.0, '$13', 0.0, 100.0, 50.0, 0.0, 100.0, '$2', 150.0, 100.0, 50.0, 100.0, '$2', 150.0, 100.0, 150.0, 100.0, 50.0, '$4', 0.0, '$2', 100.0, 150.0, '$2', 50.0, 100.0, '$2', 50.0, 0.0, 100.0, 150.0, 200.0, 50.0, '$2', 0.0, 50.0, '$5', 100.0, '$2', 50.0, '$3', 0.0, '$6', 50.0, 100.0, 0.0, '$2', 50.0, 0.0, '$4', 50.0, 100.0, '$2', 50.0, 0.0, 50.0, '$3', 100.0, 200.0, 150.0, '$3', 0.0, 50.0, '$3', 100.0, 150.0, '$36', 200.0, '$25', 150.0]
['$17', 0.0, 50.0, '$2', 150.0, 200.0, 150.0, '$2', 50.0, 150.0, '$4', 200.0, 150.0, 100.0, '$2', 50.0, '$3', 0.0, 100.0, 50.0, '$4', 0.0, 50.0, 0.0, '$2', 50.0, '$7', 0.0, '$3', 50.0, '$2', 0.0, '$3', 50.0, '$15', 0.0, 50.0, '$2', 0.0, 50.0, 100.0, 0.0, '$2', 50.0, 0.0, 50.0, '$4', 0.0, '$3', 50.0, '$2', 0.0, '$3', 50.0, '$4', 0.0, 50.0, 0.0, 50.0, 0.0, '$6', 50.0, 0.0, '$2', 150.0, 50.0, '$2', 0.0, '$2', 50.0, '$2', 0.0, '$2', 100.0, '$4', 0.0, 50.0, '$8', 0.0, '$3', 50.0, 100.0, 150.0, '$2', 50.0, 150.0, '$2', 200.0, 100.0, '$2', 150.0, 100.0, '$6', 50.0, 0.0, 50.0, '$3', 0.0, 50.0, 0.0, '$5', 50.0, '$2', 0.0, 50.0, '$4', 150.0, 100.0, 150.0, '$2', 0.0, '$3', 50.0, '$3', 100.0, 50.0, 100.0, '$2', 150.0, '$2', 50.0, '$2', 150.0, 100.0, 0.0, 100.0, 200.0, '$4', 150.0, 50.0, 100.0, 50.0, 0.0, 50.0, 100.0, '$2', 150.0, 100.0, '$8', 0.0, 50.0, 0.0, '$2', 50.0, '$5', 0.0, 50.0, 0.0, 50.0, 0.0, '$2', 50.0, '$11', 0.0, 100.0, 150.0, '$3', 50.0, '$2', 0.0, 50.0, 100.0, '$2', 50.0, 150.0, 100.0, '$4', 0.0, 50.0, 100.0, 150.0, 100.0, '$2', 0.0, '$3', 50.0, 150.0, 200.0, 100.0, 0.0, '$2', 50.0, 0.0, 50.0, 0.0, 50.0, '$3', 150.0, 100.0, '$3', 0.0, '$3', 50.0, 0.0, 50.0, 150.0, 100.0, 0.0, 50.0, 0.0, 50.0, 0.0, 50.0, '$2', 0.0, '$4', 50.0, 150.0, 200.0, 150.0, 50.0, 100.0, 50.0, '$3', 0.0, 50.0, 100.0, 0.0, 100.0, '$35', 200.0, '$27', 150.0]
['$18', 0.0, 50.0, '$3', 100.0, '$2', 50.0, 0.0, 150.0, 250.0, '$2', 200.0, 150.0, '$3', 50.0, '$2', 0.0, '$3', 50.0, '$3', 0.0, '$2', 50.0, 0.0, 50.0, '$8', 0.0, '$4', 50.0, 0.0, '$3', 50.0, '$7', 0.0, 50.0, '$9', 0.0, 50.0, '$2', 100.0, 50.0, '$8', 0.0, '$3', 50.0, '$2', 0.0, '$4', 50.0, '$3', 0.0, 50.0, '$3', 0.0, '$6', 50.0, 0.0, 150.0, 200.0, 50.0, '$3', 0.0, '$2', 50.0, '$2', 0.0, 50.0, 0.0, '$2', 50.0, 0.0, 50.0, '$4', 0.0, 50.0, '$3', 0.0, '$4', 50.0, '$4', 100.0, '$2', 200.0, 50.0, 100.0, 150.0, 50.0, '$2', 0.0, 50.0, 0.0, '$4', 50.0, '$2', 0.0, 50.0, '$2', 0.0, '$4', 50.0, '$3', 100.0, 50.0, 150.0, '$2', 200.0, 150.0, '$2', 50.0, '$2', 0.0, '$2', 50.0, 0.0, 50.0, '$3', 100.0, '$2', 150.0, '$2', 100.0, 150.0, '$4', 50.0, '$2', 100.0, 50.0, 150.0, 100.0, '$2', 50.0, 0.0, 50.0, 0.0, '$2', 150.0, 0.0, 100.0, 50.0, '$8', 0.0, 50.0, 0.0, 50.0, 150.0, 100.0, 50.0, '$3', 0.0, 100.0, '$2', 150.0, 50.0, '$11', 0.0, 50.0, '$2', 100.0, 50.0, 150.0, 100.0, 0.0, 50.0, '$2', 100.0, 200.0, 150.0, 100.0, 150.0, 50.0, '$4', 0.0, '$3', 50.0, 150.0, 100.0, 0.0, 50.0, 100.0, 150.0, 200.0, 150.0, 50.0, '$2', 150.0, 50.0, '$4', 0.0, 100.0, '$2', 150.0, 50.0, '$3', 0.0, '$4', 50.0, 150.0, 100.0, 0.0, 50.0, 0.0, 100.0, 150.0, 50.0, '$2', 100.0, 0.0, '$2', 50.0, 0.0, 100.0, 150.0, '$4', 100.0, '$3', 0.0, '$2', 50.0, 0.0, 50.0, 150.0, '$32', 200.0, '$30', 150.0]
['$20', 0.0, '$5', 50.0, 0.0, '$2', 150.0, 100.0, '$2', 150.0, 100.0, '$2', 0.0, '$2', 50.0, 100.0, 50.0, '$15', 0.0, '$4', 50.0, 0.0, '$3', 50.0, '$17', 0.0, 50.0, 100.0, '$10', 0.0, '$3', 50.0, '$2', 0.0, 50.0, '$2', 0.0, '$5', 50.0, '$3', 0.0, '$3', 50.0, 0.0, '$3', 50.0, '$2', 100.0, '$3', 50.0, '$2', 0.0, '$2', 50.0, '$6', 0.0, 50.0, '$7', 0.0, '$5', 50.0, 0.0, 100.0, 150.0, '$2', 100.0, 50.0, 0.0, '$3', 50.0, '$5', 0.0, '$2', 100.0, '$3', 0.0, 50.0, '$4', 0.0, '$2', 50.0, '$2', 150.0, '$2', 100.0, '$3', 200.0, 150.0, '$3', 0.0, '$5', 50.0, 100.0, 50.0, '$2', 150.0, '$2', 100.0, 150.0, 100.0, '$3', 0.0, 100.0, 50.0, '$2', 0.0, 100.0, '$2', 50.0, 0.0, '$7', 50.0, 0.0, '$2', 50.0, '$8', 0.0, 50.0, 200.0, 150.0, 100.0, 50.0, '$2', 0.0, '$4', 150.0, '$3', 50.0, '$8', 0.0, 50.0, 150.0, 200.0, '$3', 100.0, 0.0, 50.0, '$2', 100.0, '$2', 150.0, 100.0, 0.0, 50.0, '$6', 0.0, 100.0, 150.0, '$3', 100.0, '$2', 200.0, 150.0, '$2', 50.0, 100.0, '$2', 50.0, '$4', 0.0, 100.0, 150.0, 50.0, '$4', 0.0, 50.0, 0.0, 50.0, 100.0, 50.0, 0.0, 50.0, 0.0, 50.0, 150.0, 100.0, 0.0, 100.0, 50.0, 0.0, '$2', 50.0, 0.0, '$4', 50.0, '$2', 100.0, 0.0, '$4', 50.0, 100.0, 150.0, 200.0, '$3', 150.0, '$28', 200.0, '$31', 150.0]
['$7', 0.0, '$2', 50.0, '$11', 0.0, '$6', 50.0, '$3', 0.0, 100.0, '$2', 200.0, 100.0, '$3', 50.0, '$2', 100.0, 50.0, '$3', 0.0, '$2', 50.0, '$9', 0.0, '$8', 50.0, '$24', 0.0, '$2', 50.0, '$3', 0.0, 50.0, '$4', 0.0, '$2', 50.0, 0.0, 50.0, 150.0, 100.0, '$2', 50.0, '$3', 0.0, '$4', 50.0, '$3', 150.0, 50.0, 0.0, 50.0, 200.0, 150.0, '$5', 0.0, 50.0, 100.0, 50.0, '$2', 0.0, 50.0, '$6', 0.0, '$4', 50.0, '$2', 100.0, '$4', 50.0, '$6', 0.0, '$2', 50.0, '$3', 0.0, '$2', 50.0, 0.0, 50.0, '$4', 0.0, 50.0, '$3', 0.0, 150.0, 200.0, '$3', 150.0, '$2', 200.0, 150.0, 100.0, '$2', 0.0, '$2', 100.0, '$2', 50.0, 100.0, 150.0, '$3', 200.0, 150.0, 50.0, 0.0, 50.0, 100.0, 50.0, 0.0, '$3', 50.0, 100.0, 50.0, 100.0, 150.0, '$2', 0.0, 50.0, '$3', 0.0, 100.0, 50.0, 0.0, 100.0, 50.0, '$8', 0.0, 50.0, 150.0, '$2', 100.0, 50.0, 0.0, '$3', 100.0, 200.0, 150.0, 0.0, 50.0, '$6', 0.0, 50.0, 100.0, '$3', 0.0, '$2', 50.0, '$3', 0.0, 50.0, 0.0, 50.0, 150.0, '$2', 50.0, '$6', 0.0, 50.0, 100.0, '$2', 50.0, 150.0, '$2', 100.0, '$2', 150.0, 100.0, '$2', 150.0, 50.0, '$4', 0.0, 100.0, 50.0, '$14', 0.0, '$3', 50.0, 0.0, '$2', 50.0, 100.0, '$2', 50.0, '$2', 0.0, 50.0, '$2', 100.0, 50.0, '$2', 150.0, '$4', 50.0, 150.0, '$2', 200.0, 150.0, '$2', 50.0, 150.0, '$25', 200.0, '$34', 150.0]
['$7', 0.0, 50.0, '$13', 0.0, '$5', 50.0, '$2', 0.0, '$2', 50.0, 100.0, '$3', 200.0, 150.0, '$2', 50.0, 100.0, 50.0, '$4', 0.0, 50.0, '$9', 0.0, '$8', 50.0, '$13', 0.0, 50.0, '$9', 0.0, '$3', 50.0, '$3', 0.0, 50.0, '$6', 0.0, '$2', 50.0, 100.0, 150.0, '$2', 100.0, '$4', 0.0, '$3', 50.0, 150.0, 200.0, 100.0, '$2', 0.0, 50.0, '$2', 150.0, '$5', 0.0, 50.0, 150.0, 100.0, '$2', 0.0, 50.0, '$5', 0.0, '$5', 50.0, 100.0, '$4', 50.0, 0.0, '$2', 50.0, '$6', 0.0, '$3', 50.0, '$2', 0.0, 50.0, 100.0, '$8', 0.0, 100.0, '$3', 200.0, '$2', 150.0, '$2', 200.0, 150.0, 0.0, 100.0, 150.0, '$3', 50.0, 100.0, 150.0, 200.0, '$3', 150.0, '$2', 0.0, 50.0, 100.0, 50.0, 100.0, 50.0, '$2', 0.0, 100.0, '$2', 150.0, 100.0, '$2', 0.0, '$4', 50.0, '$3', 0.0, 100.0, 50.0, '$9', 0.0, '$2', 50.0, '$3', 0.0, 50.0, 100.0, '$2', 50.0, '$5', 0.0, '$2', 50.0, 0.0, '$2', 50.0, 150.0, 50.0, 100.0, '$2', 150.0, 50.0, '$6', 0.0, 50.0, '$2', 0.0, 100.0, 150.0, '$3', 0.0, 100.0, '$2', 150.0, '$2', 0.0, 100.0, '$2', 150.0, '$2', 0.0, 50.0, '$2', 200.0, 100.0, '$3', 0.0, 50.0, 100.0, 50.0, 150.0, 50.0, 0.0, '$2', 50.0, '$2', 0.0, 50.0, '$8', 0.0, '$2', 50.0, 100.0, 150.0, 200.0, 150.0, 50.0, 100.0, 50.0, 150.0, 200.0, 100.0, 0.0, '$2', 150.0, '$4', 50.0, 100.0, 150.0, 100.0, '$2', 0.0, 100.0, '$20', 200.0, '$40', 150.0]
['$21', 0.0, '$6', 50.0, '$2', 0.0, 100.0, 150.0, 100.0, '$2', 150.0, 200.0, 150.0, 100.0, '$2', 50.0, '$14', 0.0, '$8', 50.0, '$10', 0.0, 50.0, '$12', 0.0, '$5', 50.0, '$8', 0.0, '$2', 50.0, 0.0, 100.0, 150.0, 200.0, 50.0, 0.0, '$5', 50.0, 100.0, 150.0, '$2', 100.0, '$2', 0.0, 50.0, 100.0, '$7', 0.0, '$2', 100.0, 0.0, 50.0, '$4', 0.0, '$13', 50.0, '$2', 0.0, '$3', 50.0, 100.0, 50.0, 0.0, '$4', 50.0, '$10', 0.0, 50.0, '$2', 100.0, '$2', 150.0, '$2', 100.0, 200.0, 150.0, 0.0, '$2', 150.0, 0.0, '$3', 50.0, 100.0, 50.0, 100.0, 150.0, 100.0, 0.0, 100.0, '$2', 0.0, '$3', 50.0, 100.0, 50.0, 150.0, '$2', 200.0, 150.0, 100.0, 0.0, 100.0, 150.0, 100.0, 50.0, '$5', 0.0, 50.0, '$2', 0.0, '$2', 50.0, 0.0, 50.0, '$2', 100.0, '$6', 0.0, 50.0, 0.0, '$4', 50.0, 150.0, 100.0, 150.0, 0.0, 50.0, 200.0, 150.0, '$2', 50.0, 150.0, 200.0, 150.0, '$2', 50.0, '$3', 0.0, 50.0, '$3', 0.0, 50.0, 150.0, 100.0, '$3', 0.0, 100.0, 150.0, '$2', 0.0, '$3', 100.0, 150.0, '$2', 100.0, 0.0, 100.0, 200.0, 100.0, '$5', 0.0, 50.0, 100.0, '$2', 50.0, '$2', 0.0, 50.0, 100.0, 50.0, '$8', 0.0, '$2', 50.0, '$3', 150.0, '$3', 100.0, 50.0, '$2', 100.0, 50.0, '$2', 0.0, '$4', 50.0, '$2', 0.0, '$2', 50.0, 0.0, 100.0, '$13', 200.0, '$48', 150.0]
['$20', 0.0, '$8', 50.0, '$2', 0.0, 100.0, 150.0, 200.0, 150.0, 200.0, 150.0, 100.0, 50.0, '$2', 0.0, '$2', 50.0, '$11', 0.0, '$4', 50.0, 0.0, '$2', 50.0, 100.0, 50.0, '$9', 0.0, 50.0, '$13', 0.0, '$5', 50.0, 0.0, 50.0, '$9', 0.0, 50.0, 100.0, 50.0, '$2', 0.0, '$9', 50.0, '$10', 0.0, 100.0, 150.0, '$7', 0.0, '$9', 50.0, 0.0, '$6', 50.0, 100.0, 200.0, 100.0, '$3', 0.0, '$3', 50.0, '$5', 0.0, 50.0, '$3', 0.0, 50.0, '$3', 100.0, '$2', 50.0, 100.0, '$2', 150.0, 0.0, '$2', 150.0, 50.0, 100.0, 50.0, '$2', 0.0, 100.0, '$2', 200.0, '$2', 100.0, 150.0, '$3', 0.0, '$2', 50.0, 100.0, 150.0, '$2', 200.0, 150.0, 100.0, 50.0, 0.0, 50.0, 100.0, '$2', 0.0, '$2', 50.0, 0.0, '$4', 50.0, 0.0, '$2', 50.0, 0.0, 50.0, 150.0, 100.0, '$2', 0.0, '$2', 50.0, '$7', 0.0, 50.0, 150.0, 100.0, 200.0, '$2', 0.0, '$2', 150.0, 0.0, 50.0, 100.0, 200.0, 150.0, '$2', 0.0, 50.0, '$2', 0.0, '$3', 50.0, '$2', 0.0, '$3', 50.0, '$2', 0.0, '$2', 150.0, 0.0, 50.0, 200.0, 100.0, 0.0, 50.0, '$3', 100.0, '$2', 150.0, 100.0, '$6', 0.0, 50.0, 100.0, 50.0, '$2', 0.0, 100.0, 150.0, 50.0, '$3', 0.0, 50.0, '$4', 0.0, 100.0, 50.0, '$2', 100.0, '$2', 0.0, '$3', 50.0, '$6', 0.0, '$2', 50.0, '$2', 150.0, 100.0, '$3', 50.0, 150.0, '$11', 200.0, '$50', 150.0]
['$21', 0.0, '$7', 50.0, '$4', 0.0, 150.0, 250.0, 200.0, 100.0, 0.0, 50.0, '$15', 0.0, '$4', 50.0, '$2', 0.0, '$2', 50.0, '$25', 0.0, '$4', 50.0, '$17', 0.0, '$3', 50.0, 100.0, '$2', 50.0, 0.0, '$2', 50.0, '$3', 0.0, 50.0, '$4', 0.0, 50.0, 0.0, 50.0, '$6', 0.0, '$8', 50.0, 0.0, '$2', 100.0, '$2', 0.0, '$3', 50.0, 0.0, '$2', 100.0, '$3', 50.0, '$4', 0.0, '$2', 50.0, '$2', 0.0, '$2', 50.0, '$2', 0.0, 100.0, '$2', 150.0, 100.0, '$3', 50.0, 150.0, 200.0, 100.0, 0.0, 100.0, 150.0, 50.0, '$2', 100.0, '$2', 50.0, 100.0, '$2', 150.0, 100.0, 200.0, 150.0, 0.0, 50.0, 0.0, 50.0, '$2', 100.0, '$2', 200.0, '$3', 150.0, '$2', 50.0, '$4', 0.0, 50.0, 100.0, 50.0, 0.0, '$9', 50.0, '$2', 0.0, 50.0, 150.0, '$3', 50.0, '$2', 0.0, 100.0, 150.0, '$2', 100.0, 0.0, 50.0, 100.0, 0.0, 50.0, '$2', 0.0, '$2', 100.0, 50.0, 150.0, 100.0, '$2', 0.0, 50.0, '$3', 0.0, '$2', 100.0, '$3', 0.0, 100.0, 50.0, '$2', 0.0, '$2', 100.0, 0.0, '$2', 150.0, 50.0, 100.0, 200.0, '$2', 150.0, '$2', 100.0, 50.0, '$7', 0.0, '$2', 50.0, '$3', 0.0, '$4', 50.0, 0.0, '$2', 50.0, '$3', 0.0, 50.0, 150.0, 100.0, '$4', 50.0, '$4', 0.0, 50.0, '$2', 100.0, '$4', 50.0, '$2', 200.0, 100.0, 0.0, 50.0, 150.0, '$4', 200.0, '$2', 150.0, 100.0, 150.0, '$4', 200.0, '$50', 150.0]
['$23', 0.0, '$6', 50.0, '$4', 0.0, 150.0, 200.0, 150.0, '$17', 0.0, '$4', 50.0, 0.0, '$2', 50.0, 100.0, 150.0, 100.0, '$23', 0.0, '$4', 50.0, '$17', 0.0, '$3', 50.0, '$2', 150.0, '$3', 50.0, 100.0, '$3', 0.0, 100.0, 150.0, '$3', 0.0, 100.0, '$2', 50.0, '$6', 0.0, '$9', 50.0, '$2', 100.0, '$2', 0.0, '$4', 50.0, '$2', 0.0, 100.0, '$6', 50.0, 0.0, '$6', 50.0, '$2', 100.0, 200.0, 150.0, 0.0, '$3', 50.0, 150.0, 200.0, 50.0, '$2', 100.0, '$3', 150.0, 50.0, 0.0, 50.0, 0.0, 50.0, 100.0, 50.0, '$2', 150.0, '$2', 0.0, '$3', 50.0, '$3', 100.0, 50.0, '$2', 200.0, 100.0, 50.0, '$4', 0.0, '$2', 100.0, '$2', 0.0, '$2', 50.0, 0.0, '$4', 100.0, '$2', 50.0, 0.0, 50.0, '$2', 100.0, '$3', 50.0, 0.0, 100.0, '$3', 200.0, 150.0, 0.0, 50.0, 100.0, 0.0, '$2', 100.0, 50.0, '$2', 100.0, 0.0, 50.0, '$7', 0.0, 50.0, '$3', 0.0, 50.0, 150.0, '$2', 50.0, 100.0, '$2', 0.0, 50.0, 100.0, '$2', 150.0, 50.0, '$3', 200.0, '$3', 50.0, '$2', 100.0, '$2', 50.0, 100.0, '$7', 0.0, '$3', 50.0, 0.0, '$2', 50.0, '$5', 0.0, '$2', 150.0, '$2', 50.0, '$3', 0.0, '$2', 50.0, 100.0, 150.0, 200.0, 150.0, '$4', 50.0, '$2', 100.0, 50.0, 100.0, 150.0, '$3', 200.0, 150.0, 100.0, '$2', 50.0, 100.0, '$2', 150.0, '$4', 200.0, '$49', 150.0]
['$24', 0.0, '$5', 50.0, '$5', 0.0, '$2', 100.0, '$17', 0.0, '$4', 50.0, 0.0, '$2', 50.0, 100.0, '$2', 200.0, 50.0, '$8', 0.0, 50.0, '$13', 0.0, '$5', 50.0, '$16', 0.0, '$5', 50.0, 100.0, '$3', 50.0, '$2', 0.0, 50.0, 100.0, 150.0, 50.0, 0.0, '$2', 100.0, '$3', 50.0, '$6', 0.0, '$6', 50.0, '$2', 0.0, '$2', 50.0, '$4', 0.0, '$4', 50.0, 100.0, 150.0, '$2', 100.0, 50.0, 150.0, 100.0, 50.0, '$2', 0.0, '$3', 50.0, 0.0, '$2', 50.0, 200.0, 150.0, '$4', 50.0, 150.0, 200.0, 0.0, '$3', 150.0, '$2', 200.0, '$3', 100.0, 50.0, 100.0, 150.0, 0.0, '$2', 50.0, '$2', 0.0, 50.0, 0.0, 50.0, '$3', 200.0, 100.0, 150.0, 200.0, 100.0, 50.0, '$4', 100.0, '$2', 50.0, 0.0, 50.0, '$3', 0.0, 150.0, 200.0, 150.0, 200.0, 150.0, 100.0, '$2', 150.0, 100.0, '$2', 50.0, 0.0, 100.0, 50.0, 100.0, '$3', 200.0, 150.0, 0.0, 100.0, 150.0, '$4', 50.0, '$15', 0.0, 50.0, 200.0, 100.0, 50.0, 150.0, 50.0, 0.0, 150.0, '$2', 200.0, 150.0, 0.0, 150.0, '$2', 200.0, 150.0, 100.0, 50.0, 150.0, 200.0, '$2', 50.0, 100.0, '$7', 0.0, '$5', 50.0, '$6', 0.0, 150.0, 100.0, '$2', 50.0, '$2', 0.0, '$3', 50.0, 150.0, '$2', 200.0, 150.0, '$7', 50.0, '$4', 150.0, 100.0, 50.0, 100.0, '$2', 150.0, 200.0, 150.0, '$5', 200.0, '$49', 150.0]
['$23', 0.0, '$7', 50.0, '$10', 0.0, '$3', 50.0, '$9', 0.0, '$5', 50.0, '$2', 0.0, '$2', 50.0, '$2', 100.0, '$9', 0.0, 50.0, '$13', 0.0, '$5', 50.0, '$7', 0.0, '$2', 50.0, '$7', 0.0, '$5', 50.0, '$2', 100.0, 0.0, 50.0, '$2', 0.0, '$4', 100.0, 50.0, '$2', 150.0, 0.0, 50.0, '$7', 0.0, '$3', 50.0, '$13', 0.0, '$2', 50.0, '$2', 150.0, 100.0, 150.0, 100.0, '$2', 50.0, 100.0, 50.0, '$2', 0.0, '$2', 50.0, '$2', 0.0, 50.0, '$2', 200.0, 100.0, '$3', 50.0, '$2', 150.0, 0.0, '$2', 150.0, 100.0, 200.0, 150.0, 100.0, '$2', 150.0, 100.0, 200.0, 150.0, '$6', 0.0, 50.0, '$2', 150.0, '$2', 200.0, 150.0, 100.0, '$2', 200.0, 150.0, 100.0, 150.0, '$2', 200.0, 150.0, 50.0, '$3', 0.0, '$2', 50.0, 150.0, '$4', 200.0, 100.0, '$2', 200.0, '$3', 100.0, 0.0, '$2', 150.0, 0.0, 100.0, '$2', 200.0, 150.0, 50.0, '$3', 100.0, 200.0, 100.0, '$13', 0.0, 50.0, 100.0, 0.0, 100.0, 200.0, 100.0, 0.0, 100.0, '$2', 50.0, 150.0, '$3', 200.0, 100.0, '$5', 200.0, 100.0, 50.0, 100.0, 0.0, 50.0, '$3', 0.0, '$2', 50.0, 0.0, 50.0, '$3', 0.0, '$2', 50.0, '$2', 0.0, '$2', 50.0, 0.0, '$4', 50.0, '$7', 0.0, 150.0, '$3', 200.0, 100.0, 0.0, 50.0, 150.0, '$7', 50.0, 100.0, '$4', 150.0, 200.0, 150.0, '$5', 200.0, '$49', 150.0]
['$23', 0.0, '$7', 50.0, '$5', 0.0, 50.0, 150.0, 100.0, '$3', 0.0, '$2', 50.0, '$9', 0.0, '$5', 50.0, 0.0, '$3', 50.0, '$2', 150.0, 100.0, '$9', 0.0, 50.0, '$8', 0.0, '$2', 50.0, '$2', 0.0, '$3', 50.0, 0.0, 50.0, '$8', 0.0, 50.0, '$2', 0.0, '$2', 50.0, '$4', 0.0, '$3', 50.0, 0.0, 100.0, 200.0, 100.0, 0.0, 50.0, 0.0, 50.0, 100.0, 0.0, 50.0, 0.0, '$4', 50.0, '$8', 0.0, 50.0, 100.0, '$2', 150.0, 50.0, '$12', 0.0, 50.0, 0.0, 100.0, 150.0, 100.0, 0.0, '$3', 50.0, '$3', 0.0, '$2', 50.0, 0.0, 50.0, '$2', 150.0, 100.0, '$5', 150.0, 0.0, '$2', 200.0, 50.0, 150.0, 50.0, 0.0, '$3', 150.0, 200.0, 100.0, 50.0, '$4', 0.0, 50.0, 100.0, 150.0, '$3', 100.0, '$3', 150.0, 200.0, 150.0, 50.0, 150.0, '$2', 200.0, 150.0, 50.0, '$2', 0.0, '$2', 100.0, '$2', 50.0, 100.0, 200.0, 150.0, '$3', 100.0, 200.0, '$2', 150.0, 100.0, 0.0, 150.0, 100.0, 0.0, 50.0, 150.0, '$2', 200.0, 150.0, 100.0, 150.0, 100.0, '$2', 150.0, 50.0, '$12', 0.0, '$2', 100.0, 0.0, '$3', 100.0, 50.0, 100.0, '$2', 50.0, 150.0, 200.0, '$3', 150.0, '$6', 200.0, 50.0, '$2', 0.0, 50.0, '$2', 0.0, '$2', 50.0, '$6', 0.0, '$3', 50.0, '$4', 0.0, 100.0, 150.0, 50.0, 0.0, 50.0, '$5', 0.0, 100.0, '$3', 200.0, 150.0, 100.0, 0.0, '$8', 50.0, 100.0, '$13', 200.0, '$9', 150.0, '$2', 200.0, '$2', 150.0, '$4', 200.0, '$31', 150.0]
['$24', 0.0, '$4', 50.0, 0.0, '$2', 50.0, '$4', 0.0, 100.0, '$2', 200.0, '$2', 150.0, 50.0, '$12', 0.0, '$4', 50.0, 0.0, '$2', 50.0, 100.0, 150.0, 200.0, 100.0, '$9', 0.0, 50.0, '$6', 0.0, 50.0, '$5', 0.0, '$2', 50.0, '$2', 0.0, 50.0, '$6', 0.0, 50.0, '$5', 0.0, 50.0, '$6', 0.0, 50.0, '$2', 100.0, 200.0, 150.0, '$3', 0.0, 50.0, 100.0, 50.0, 0.0, 50.0, '$2', 0.0, '$2', 50.0, '$9', 0.0, 100.0, '$2', 200.0, 100.0, 50.0, '$8', 0.0, 50.0, '$5', 0.0, 100.0, '$5', 50.0, '$5', 0.0, 50.0, 0.0, '$2', 50.0, 100.0, 200.0, 150.0, '$2', 200.0, 100.0, 0.0, '$2', 200.0, 50.0, 100.0, '$4', 50.0, '$2', 200.0, '$2', 150.0, '$4', 0.0, '$2', 50.0, '$2', 100.0, '$2', 0.0, 50.0, '$4', 100.0, 50.0, 150.0, '$2', 200.0, 150.0, 100.0, '$2', 50.0, 100.0, '$2', 50.0, '$2', 100.0, 150.0, 200.0, 100.0, '$2', 50.0, 100.0, 150.0, 200.0, 100.0, 50.0, 200.0, 100.0, '$2', 0.0, 100.0, 200.0, 150.0, 200.0, '$3', 100.0, '$2', 150.0, 50.0, '$2', 0.0, '$2', 50.0, '$4', 0.0, 50.0, '$5', 0.0, 150.0, 100.0, 0.0, '$2', 100.0, '$3', 50.0, 100.0, 150.0, '$3', 0.0, 100.0, '$5', 200.0, 150.0, 50.0, 0.0, 50.0, '$2', 0.0, 50.0, 0.0, 100.0, 50.0, 0.0, 50.0, 100.0, '$9', 0.0, 150.0, 100.0, '$5', 0.0, 50.0, 100.0, '$3', 200.0, 150.0, 100.0, 150.0, 0.0, '$7', 50.0, 100.0, 150.0, '$16', 200.0, '$2', 150.0, '$13', 200.0, '$30', 150.0]
['$21', 0.0, '$2', 50.0, '$2', 0.0, '$3', 50.0, 0.0, 50.0, '$5', 0.0, 50.0, '$3', 200.0, 150.0, 100.0, '$11', 0.0, '$4', 50.0, '$2', 0.0, '$2', 50.0, 100.0, '$2', 150.0, 50.0, '$9', 0.0, 50.0, '$12', 0.0, '$2', 50.0, '$9', 0.0, '$2', 50.0, '$4', 0.0, '$2', 50.0, '$5', 0.0, 50.0, '$4', 100.0, '$2', 50.0, '$2', 0.0, '$2', 50.0, 100.0, 50.0, '$13', 0.0, 50.0, '$2', 150.0, 200.0, 100.0, 0.0, 50.0, '$6', 0.0, '$2', 50.0, 150.0, 100.0, 50.0, '$3', 0.0, '$4', 50.0, '$3', 0.0, 50.0, '$2', 0.0, '$2', 50.0, 0.0, 100.0, 150.0, 100.0, '$2', 200.0, 100.0, 50.0, 200.0, 150.0, 0.0, 50.0, 100.0, 150.0, 0.0, 100.0, 150.0, 100.0, '$3', 50.0, '$2', 0.0, 50.0, '$3', 0.0, 100.0, 50.0, 0.0, 50.0, 150.0, 50.0, 100.0, 150.0, 100.0, '$2', 200.0, 250.0, '$2', 200.0, 150.0, 50.0, '$2', 100.0, 150.0, '$2', 200.0, '$2', 150.0, 100.0, 50.0, '$3', 150.0, '$2', 200.0, 100.0, '$2', 150.0, '$2', 100.0, '$3', 50.0, 150.0, 100.0, 50.0, '$2', 150.0, 50.0, '$3', 0.0, '$2', 50.0, '$4', 0.0, 50.0, 0.0, '$2', 50.0, '$2', 0.0, 50.0, 150.0, '$3', 100.0, 0.0, '$4', 50.0, 0.0, 50.0, '$2', 0.0, 150.0, '$5', 200.0, 0.0, 50.0, '$2', 100.0, '$2', 150.0, 100.0, 150.0, 100.0, 0.0, 50.0, 150.0, 100.0, '$4', 150.0, 100.0, '$3', 0.0, '$2', 100.0, '$4', 0.0, 100.0, '$2', 150.0, 200.0, 150.0, 200.0, '$2', 150.0, 100.0, 0.0, '$3', 50.0, 0.0, '$4', 50.0, 100.0, '$38', 200.0, '$23', 150.0]
['$15', 0.0, 50.0, '$5', 0.0, 100.0, 150.0, 50.0, 0.0, 50.0, '$3', 0.0, '$2', 50.0, '$5', 0.0, '$3', 100.0, 0.0, '$2', 100.0, '$10', 0.0, '$3', 50.0, '$3', 0.0, '$6', 50.0, '$9', 0.0, 50.0, '$12', 0.0, '$2', 50.0, '$15', 0.0, '$2', 50.0, '$2', 0.0, '$2', 50.0, '$3', 0.0, '$2', 50.0, 0.0, '$4', 50.0, 0.0, 50.0, 100.0, 50.0, '$13', 0.0, 50.0, '$2', 100.0, 150.0, 100.0, 0.0, 50.0, '$5', 0.0, 50.0, 0.0, 100.0, 150.0, 100.0, 50.0, '$2', 0.0, '$7', 50.0, 0.0, '$2', 100.0, '$2', 0.0, '$4', 50.0, 150.0, 200.0, 150.0, '$2', 50.0, 150.0, 100.0, 0.0, 50.0, 100.0, 50.0, 0.0, '$6', 50.0, 0.0, '$4', 50.0, 100.0, 50.0, 0.0, '$2', 100.0, 150.0, 100.0, '$2', 150.0, 0.0, 150.0, '$5', 200.0, 100.0, 150.0, 200.0, 150.0, '$3', 200.0, 150.0, '$2', 50.0, 150.0, 200.0, 150.0, '$2', 200.0, 150.0, '$2', 50.0, '$2', 150.0, 100.0, '$2', 0.0, 150.0, 200.0, 0.0, '$2', 150.0, '$14', 0.0, 50.0, 100.0, 0.0, 150.0, 200.0, 50.0, '$2', 100.0, 50.0, 100.0, '$2', 50.0, 150.0, 200.0, 100.0, '$2', 0.0, 150.0, '$3', 200.0, 100.0, 0.0, '$4', 150.0, '$3', 100.0, 50.0, '$2', 100.0, '$3', 150.0, '$3', 200.0, 100.0, '$3', 0.0, '$2', 150.0, '$3', 0.0, 100.0, 150.0, 100.0, 0.0, '$2', 50.0, 150.0, 100.0, 150.0, 100.0, 0.0, '$2', 50.0, '$3', 0.0, '$2', 50.0, 0.0, 50.0, '$39', 200.0, '$22', 150.0]
['$13', 0.0, '$4', 50.0, '$5', 0.0, '$2', 100.0, 0.0, '$3', 50.0, 0.0, 100.0, 150.0, 50.0, '$5', 0.0, '$2', 100.0, '$2', 150.0, 100.0, 50.0, '$10', 0.0, '$2', 50.0, '$2', 0.0, '$3', 50.0, 100.0, 50.0, 100.0, 150.0, 100.0, '$21', 0.0, '$2', 50.0, '$19', 0.0, '$7', 50.0, '$2', 0.0, '$4', 50.0, 100.0, 50.0, '$12', 0.0, '$3', 50.0, '$2', 150.0, 0.0, 150.0, 50.0, '$3', 100.0, 50.0, '$4', 0.0, 50.0, 100.0, 50.0, '$2', 100.0, 0.0, '$2', 50.0, 100.0, '$2', 0.0, '$2', 50.0, 0.0, 50.0, 100.0, '$7', 50.0, 150.0, 200.0, '$4', 50.0, 0.0, '$2', 50.0, 0.0, '$2', 50.0, '$2', 0.0, 100.0, '$2', 150.0, 100.0, 50.0, 0.0, '$2', 50.0, '$2', 150.0, 0.0, 100.0, '$2', 150.0, 0.0, '$2', 150.0, 0.0, 150.0, '$5', 200.0, 100.0, 150.0, '$6', 200.0, 100.0, 50.0, 150.0, '$2', 200.0, '$2', 150.0, '$2', 100.0, 50.0, '$2', 100.0, 50.0, 0.0, 50.0, 100.0, 200.0, 100.0, 150.0, 200.0, 100.0, '$14', 0.0, 50.0, 0.0, 100.0, 200.0, 100.0, '$2', 150.0, 0.0, 50.0, 0.0, 50.0, '$3', 150.0, 50.0, 150.0, 100.0, 150.0, 200.0, 150.0, 0.0, '$3', 150.0, 100.0, 0.0, 50.0, 0.0, '$2', 50.0, 150.0, 200.0, 100.0, '$2', 150.0, 200.0, 150.0, '$2', 0.0, 100.0, '$2', 0.0, 100.0, 150.0, 0.0, '$2', 100.0, 50.0, '$2', 0.0, '$2', 150.0, '$4', 50.0, '$3', 0.0, 100.0, 50.0, '$3', 0.0, '$2', 50.0, 150.0, '$36', 200.0, '$25', 150.0]
['$14', 0.0, '$3', 50.0, '$6', 0.0, '$3', 50.0, '$2', 0.0, 50.0, 200.0, 150.0, 50.0, '$5', 0.0, '$2', 150.0, 100.0, '$3', 50.0, '$9', 0.0, '$3', 50.0, 0.0, '$4', 50.0, 100.0, 50.0, 0.0, '$2', 50.0, '$21', 0.0, '$3', 50.0, '$18', 0.0, '$7', 50.0, '$2', 0.0, '$2', 50.0, 0.0, 50.0, 150.0, 100.0, '$2', 0.0, 50.0, '$8', 0.0, '$3', 50.0, 0.0, '$2', 150.0, 100.0, 200.0, '$2', 100.0, '$2', 150.0, '$5', 0.0, '$2', 100.0, 0.0, '$2', 100.0, '$3', 50.0, 100.0, 50.0, '$4', 0.0, '$3', 50.0, 100.0, '$3', 50.0, 100.0, 150.0, '$2', 100.0, '$3', 50.0, '$2', 0.0, '$6', 50.0, 0.0, 50.0, '$3', 150.0, 100.0, '$3', 0.0, 50.0, 100.0, 50.0, 0.0, '$3', 100.0, '$2', 150.0, 100.0, '$5', 200.0, 150.0, 0.0, 150.0, '$4', 200.0, '$5', 150.0, 200.0, 150.0, 50.0, 100.0, '$3', 150.0, 50.0, '$5', 0.0, '$2', 150.0, 50.0, '$2', 200.0, '$5', 0.0, 50.0, 150.0, 100.0, '$2', 0.0, '$2', 50.0, '$3', 0.0, '$4', 100.0, 150.0, 100.0, 0.0, '$4', 50.0, 100.0, '$2', 200.0, 150.0, 200.0, 150.0, 200.0, '$3', 150.0, '$2', 50.0, 100.0, 200.0, 150.0, '$2', 0.0, 100.0, '$2', 200.0, 0.0, 100.0, '$3', 200.0, 100.0, 0.0, 50.0, 0.0, 100.0, '$2', 150.0, 100.0, '$4', 150.0, 0.0, 100.0, 150.0, 0.0, 50.0, 100.0, '$3', 0.0, 50.0, 150.0, 50.0, '$3', 0.0, 100.0, 150.0, '$37', 200.0, '$25', 150.0]
['$10', 0.0, '$2', 50.0, '$3', 0.0, '$4', 50.0, '$4', 0.0, 50.0, 0.0, '$3', 50.0, '$3', 150.0, 100.0, '$5', 0.0, 100.0, 150.0, '$13', 0.0, '$3', 50.0, 0.0, '$4', 50.0, 100.0, 50.0, '$4', 0.0, '$2', 50.0, '$18', 0.0, '$3', 50.0, '$7', 0.0, 100.0, 50.0, '$5', 0.0, '$3', 50.0, '$3', 0.0, '$4', 50.0, '$6', 0.0, '$3', 50.0, '$2', 0.0, 50.0, '$7', 0.0, '$3', 50.0, 0.0, 50.0, 100.0, 150.0, '$2', 200.0, 50.0, 150.0, 200.0, 100.0, '$5', 0.0, '$2', 50.0, 0.0, '$5', 50.0, 100.0, 50.0, '$7', 0.0, '$2', 50.0, 0.0, 50.0, '$3', 100.0, '$2', 0.0, '$2', 50.0, 0.0, 50.0, 0.0, '$2', 50.0, 100.0, 150.0, '$2', 50.0, 0.0, 100.0, 50.0, '$2', 100.0, '$2', 0.0, '$2', 50.0, '$3', 100.0, 150.0, 200.0, 100.0, '$8', 200.0, 150.0, '$2', 50.0, '$7', 200.0, 150.0, '$2', 100.0, 50.0, 0.0, 100.0, 150.0, '$2', 100.0, '$2', 0.0, '$3', 50.0, '$2', 0.0, 50.0, 0.0, 100.0, 150.0, 50.0, 100.0, 50.0, '$2', 0.0, 50.0, '$2', 100.0, 50.0, 0.0, 50.0, 150.0, 100.0, 50.0, 0.0, '$2', 100.0, 0.0, 50.0, 100.0, '$2', 0.0, '$5', 50.0, 150.0, '$2', 200.0, 150.0, 200.0, 150.0, '$2', 100.0, 150.0, 100.0, 0.0, 150.0, 200.0, 150.0, 0.0, 50.0, 150.0, '$2', 200.0, '$2', 50.0, '$4', 200.0, 150.0, 100.0, '$2', 50.0, '$3', 100.0, '$2', 200.0, 150.0, 100.0, '$4', 0.0, '$2', 50.0, 0.0, 50.0, 0.0, 50.0, '$4', 0.0, 150.0, '$39', 200.0, '$25', 150.0]
[0.0, 50.0, '$13', 0.0, '$4', 50.0, '$5', 0.0, 50.0, '$2', 0.0, 50.0, '$3', 200.0, 150.0, 50.0, '$5', 0.0, '$2', 50.0, '$2', 0.0, 50.0, '$9', 0.0, '$3', 50.0, 0.0, '$4', 50.0, 100.0, 50.0, '$2', 0.0, 50.0, 100.0, '$2', 50.0, '$18', 0.0, '$3', 50.0, '$6', 0.0, '$3', 100.0, '$2', 0.0, '$2', 50.0, 0.0, 100.0, 50.0, '$6', 0.0, '$2', 50.0, '$4', 0.0, 50.0, '$5', 0.0, '$2', 50.0, '$6', 0.0, '$4', 50.0, 0.0, 100.0, 200.0, 100.0, '$2', 200.0, 50.0, 150.0, 250.0, 150.0, 50.0, '$5', 0.0, '$7', 50.0, '$2', 100.0, 0.0, 50.0, '$2', 0.0, 100.0, '$2', 50.0, '$7', 0.0, 50.0, 0.0, 50.0, '$6', 0.0, 100.0, 150.0, 50.0, 100.0, '$3', 50.0, '$3', 0.0, '$3', 50.0, '$3', 150.0, '$2', 200.0, '$2', 100.0, 150.0, 200.0, 150.0, '$3', 200.0, 250.0, 200.0, '$2', 100.0, '$2', 150.0, 100.0, 200.0, 250.0, '$2', 200.0, 150.0, '$3', 0.0, 50.0, 100.0, 0.0, 100.0, '$2', 50.0, 100.0, 50.0, 100.0, 150.0, 50.0, '$2', 0.0, 50.0, 0.0, '$3', 50.0, '$4', 0.0, 50.0, 100.0, 50.0, '$2', 0.0, '$2', 100.0, 150.0, 50.0, '$3', 0.0, 100.0, 150.0, '$3', 50.0, '$2', 0.0, '$3', 50.0, '$2', 100.0, 50.0, 100.0, 0.0, 50.0, 150.0, 200.0, '$3', 150.0, 200.0, 150.0, 0.0, 100.0, '$3', 200.0, 150.0, 0.0, 150.0, '$5', 200.0, 100.0, '$2', 0.0, 50.0, 0.0, '$2', 50.0, 100.0, '$3', 50.0, 0.0, '$2', 50.0, '$8', 0.0, 100.0, '$40', 200.0, '$25', 150.0]
['$2', 50.0, '$11', 0.0, 50.0, '$3', 0.0, '$3', 50.0, '$3', 0.0, 50.0, '$2', 150.0, 0.0, 50.0, 150.0, '$3', 200.0, 150.0, 50.0, '$8', 0.0, 50.0, '$6', 0.0, '$5', 50.0, '$2', 0.0, '$4', 50.0, '$2', 100.0, '$2', 0.0, 50.0, 100.0, '$2', 0.0, 50.0, '$11', 0.0, '$2', 50.0, '$4', 0.0, '$4', 50.0, 0.0, '$2', 100.0, 0.0, 50.0, '$3', 150.0, 100.0, '$3', 0.0, 50.0, 150.0, 50.0, '$6', 0.0, '$4', 50.0, 0.0, '$2', 50.0, '$5', 0.0, 50.0, '$7', 0.0, '$5', 50.0, 0.0, 100.0, 0.0, 100.0, '$3', 150.0, '$2', 200.0, 100.0, '$2', 50.0, '$2', 0.0, '$3', 50.0, '$2', 150.0, '$3', 50.0, '$2', 100.0, '$2', 50.0, 100.0, '$3', 150.0, '$2', 50.0, 0.0, '$4', 50.0, 100.0, '$3', 50.0, '$4', 0.0, '$3', 50.0, 100.0, '$4', 50.0, 0.0, 50.0, 0.0, 50.0, '$2', 100.0, 50.0, '$2', 100.0, 150.0, 200.0, 150.0, 100.0, 150.0, '$2', 200.0, 100.0, '$3', 150.0, 200.0, '$2', 150.0, 200.0, 100.0, 150.0, '$6', 200.0, 150.0, 50.0, 0.0, 50.0, 100.0, '$2', 0.0, 50.0, 150.0, 200.0, 100.0, 150.0, 200.0, 150.0, 100.0, 50.0, '$8', 0.0, '$2', 50.0, '$6', 0.0, '$2', 50.0, 0.0, 100.0, 50.0, '$2', 100.0, 50.0, 100.0, '$3', 50.0, '$3', 100.0, 200.0, 100.0, 0.0, '$2', 100.0, 150.0, '$4', 200.0, 150.0, 200.0, 100.0, 0.0, 150.0, '$4', 200.0, 0.0, 150.0, '$3', 200.0, '$2', 150.0, 0.0, '$2', 50.0, 100.0, 150.0, 0.0, 50.0, '$3', 200.0, 100.0, 0.0, 50.0, 100.0, 0.0, '$2', 50.0, '$4', 0.0, 50.0, '$2', 100.0, 150.0, '$38', 200.0, '$25', 150.0]
[50.0, '$17', 0.0, 50.0, 0.0, 50.0, '$3', 0.0, 100.0, 200.0, 100.0, 0.0, 100.0, 150.0, 200.0, 250.0, 200.0, 100.0, '$8', 0.0, '$2', 50.0, '$7', 0.0, '$3', 50.0, '$2', 0.0, '$4', 50.0, 100.0, 50.0, '$5', 0.0, 50.0, 100.0, 50.0, '$16', 0.0, '$4', 50.0, 0.0, 100.0, 50.0, '$2', 0.0, 100.0, '$2', 200.0, 150.0, '$2', 0.0, 50.0, '$2', 150.0, 50.0, '$4', 0.0, '$2', 50.0, 0.0, '$2', 100.0, 50.0, 100.0, 50.0, 100.0, '$4', 50.0, '$9', 0.0, '$3', 50.0, 0.0, '$2', 100.0, '$2', 0.0, 150.0, 100.0, 50.0, 150.0, '$2', 200.0, '$4', 50.0, 0.0, 50.0, 100.0, 50.0, 150.0, 100.0, 0.0, '$3', 50.0, '$2', 100.0, 50.0, 100.0, 200.0, 150.0, 200.0, 150.0, 50.0, '$2', 100.0, 50.0, 0.0, 100.0, 150.0, 100.0, 0.0, 50.0, 100.0, 50.0, '$4', 0.0, 50.0, 0.0, '$2', 100.0, '$6', 0.0, 50.0, 150.0, '$5', 50.0, '$4', 100.0, 150.0, 100.0, '$2', 50.0, '$2', 100.0, 150.0, '$3', 200.0, 150.0, '$6', 200.0, 150.0, 50.0, '$5', 0.0, 150.0, '$2', 250.0, '$2', 150.0, 200.0, '$2', 150.0, 100.0, '$4', 0.0, 50.0, '$8', 0.0, '$3', 50.0, 100.0, 50.0, 100.0, 150.0, 100.0, '$3', 0.0, '$2', 50.0, 0.0, 100.0, 150.0, '$2', 50.0, '$4', 150.0, 200.0, '$3', 150.0, '$2', 200.0, '$2', 150.0, 0.0, 100.0, '$4', 200.0, 150.0, 0.0, '$4', 100.0, 50.0, 0.0, 50.0, 150.0, 200.0, '$3', 150.0, 100.0, '$3', 200.0, '$2', 50.0, 150.0, 100.0, 0.0, '$2', 50.0, '$4', 0.0, '$3', 50.0, 100.0, 150.0, '$39', 200.0, '$23', 150.0]
['$5', 0.0, '$2', 50.0, '$5', 0.0, '$3', 50.0, '$3', 0.0, '$3', 50.0, '$3', 0.0, 100.0, 200.0, 150.0, 50.0, 100.0, '$3', 150.0, 200.0, 150.0, '$9', 0.0, 50.0, '$12', 0.0, '$4', 50.0, 100.0, '$2', 50.0, '$23', 0.0, '$3', 50.0, 0.0, 50.0, 0.0, 50.0, '$2', 0.0, 100.0, 200.0, 150.0, 200.0, 100.0, '$2', 0.0, 100.0, 150.0, 50.0, '$5', 0.0, 50.0, 0.0, '$3', 50.0, 150.0, 100.0, '$2', 150.0, 0.0, '$3', 50.0, '$7', 0.0, '$4', 50.0, 0.0, '$8', 50.0, '$2', 100.0, '$2', 0.0, '$2', 100.0, 0.0, 100.0, 150.0, 100.0, 50.0, 0.0, '$4', 50.0, '$2', 100.0, 0.0, 50.0, 150.0, '$3', 200.0, 100.0, 150.0, '$2', 100.0, 50.0, 0.0, '$2', 100.0, 0.0, 100.0, 200.0, '$2', 150.0, 50.0, '$4', 0.0, 50.0, 0.0, 50.0, '$3', 0.0, '$2', 50.0, 0.0, 50.0, '$2', 100.0, 0.0, 50.0, 0.0, '$4', 50.0, '$2', 100.0, 0.0, '$2', 50.0, 150.0, '$2', 200.0, 100.0, 200.0, '$2', 100.0, 200.0, '$7', 150.0, 50.0, 0.0, 50.0, '$2', 100.0, 150.0, 200.0, '$3', 150.0, '$2', 100.0, 50.0, '$6', 0.0, 50.0, '$2', 0.0, '$2', 50.0, '$2', 0.0, 100.0, 50.0, 0.0, '$3', 50.0, 100.0, 50.0, '$2', 0.0, 50.0, '$3', 0.0, 50.0, 100.0, 50.0, '$2', 0.0, 150.0, 200.0, '$5', 150.0, 200.0, '$2', 150.0, 100.0, 0.0, '$3', 100.0, '$2', 50.0, 100.0, 50.0, 100.0, '$2', 150.0, 100.0, '$2', 0.0, 150.0, '$2', 200.0, 150.0, 50.0, 150.0, '$4', 200.0, 100.0, '$2', 150.0, 100.0, 0.0, 50.0, '$2', 0.0, '$2', 50.0, '$2', 0.0, 50.0, 100.0, '$47', 200.0, '$17', 150.0]
['$5', 0.0, '$2', 50.0, '$5', 0.0, '$9', 50.0, '$3', 0.0, 50.0, 150.0, 200.0, '$2', 150.0, '$2', 200.0, 150.0, '$2', 100.0, 150.0, 50.0, '$7', 0.0, 50.0, '$12', 0.0, '$4', 50.0, 100.0, '$2', 50.0, 0.0, '$2', 50.0, '$2', 0.0, 100.0, 150.0, 100.0, '$15', 0.0, '$2', 50.0, '$3', 0.0, 50.0, 100.0, 50.0, '$2', 100.0, 150.0, '$2', 100.0, 150.0, 50.0, '$9', 0.0, '$3', 50.0, '$2', 0.0, 100.0, '$2', 150.0, 200.0, 100.0, 50.0, 0.0, '$2', 50.0, '$6', 0.0, '$3', 50.0, '$5', 0.0, 50.0, '$2', 100.0, 50.0, 0.0, 50.0, '$3', 0.0, '$2', 50.0, 0.0, 100.0, '$3', 150.0, 0.0, '$4', 50.0, '$2', 100.0, 50.0, 100.0, 150.0, '$3', 200.0, 150.0, 200.0, 150.0, '$2', 100.0, '$4', 0.0, 100.0, '$2', 150.0, 100.0, 50.0, 100.0, '$10', 0.0, 50.0, '$2', 0.0, 100.0, 200.0, '$2', 150.0, 50.0, 100.0, '$3', 50.0, '$2', 0.0, 50.0, 0.0, 50.0, 150.0, '$4', 100.0, 50.0, '$2', 100.0, 200.0, 150.0, 200.0, 150.0, 50.0, 150.0, 200.0, 50.0, '$2', 0.0, '$2', 50.0, 100.0, 150.0, '$3', 100.0, 50.0, '$4', 0.0, 50.0, '$3', 0.0, 50.0, '$2', 0.0, '$2', 50.0, '$2', 0.0, '$2', 50.0, 0.0, '$2', 50.0, '$2', 100.0, 0.0, 50.0, '$2', 0.0, '$3', 50.0, '$5', 0.0, '$2', 100.0, '$9', 50.0, 100.0, '$4', 150.0, '$2', 200.0, 150.0, '$2', 200.0, 100.0, '$2', 0.0, 150.0, '$4', 200.0, 50.0, 0.0, 100.0, 150.0, '$2', 200.0, '$2', 150.0, '$2', 50.0, '$3', 0.0, '$6', 50.0, 0.0, 150.0, '$48', 200.0, '$2', 150.0, '$4', 200.0, '$9', 150.0]
[50.0, '$4', 0.0, '$3', 50.0, '$6', 0.0, '$8', 50.0, '$3', 0.0, 50.0, 150.0, '$5', 200.0, 150.0, 50.0, 100.0, 50.0, '$7', 0.0, '$2', 50.0, '$10', 0.0, '$6', 50.0, 100.0, 50.0, 0.0, 100.0, 150.0, 50.0, 0.0, 100.0, '$2', 200.0, 50.0, '$15', 0.0, '$2', 50.0, '$3', 0.0, '$2', 50.0, '$2', 200.0, 50.0, '$2', 100.0, '$2', 50.0, '$10', 0.0, '$3', 50.0, 0.0, 50.0, 100.0, 50.0, 100.0, '$4', 50.0, '$6', 0.0, '$3', 50.0, 100.0, 50.0, 0.0, 50.0, 0.0, '$3', 100.0, 150.0, '$2', 0.0, '$2', 50.0, '$3', 0.0, '$3', 50.0, '$3', 100.0, 0.0, '$4', 50.0, '$4', 100.0, 150.0, '$4', 200.0, '$3', 100.0, 0.0, '$2', 50.0, 0.0, '$3', 50.0, 0.0, 100.0, 200.0, 150.0, 50.0, '$10', 0.0, 50.0, 0.0, 50.0, 150.0, '$3', 100.0, '$6', 50.0, 0.0, 100.0, 150.0, '$4', 50.0, '$2', 0.0, '$2', 150.0, 200.0, '$3', 150.0, 0.0, 50.0, 100.0, 50.0, 0.0, 100.0, '$2', 50.0, 150.0, 200.0, 100.0, '$10', 0.0, '$2', 50.0, '$2', 0.0, '$2', 50.0, '$3', 0.0, 50.0, 0.0, '$2', 50.0, 150.0, 100.0, '$2', 0.0, 50.0, 100.0, 50.0, 0.0, 50.0, '$8', 0.0, 100.0, '$2', 50.0, 150.0, 50.0, 150.0, 200.0, 100.0, '$9', 200.0, 100.0, '$2', 0.0, 150.0, '$5', 200.0, '$2', 50.0, '$4', 150.0, 100.0, '$2', 0.0, '$9', 50.0, '$2', 100.0, '$57', 200.0, '$7', 150.0]
[0.0, '$2', 50.0, '$2', 0.0, '$4', 50.0, '$5', 0.0, '$9', 50.0, '$3', 0.0, 50.0, '$2', 150.0, '$2', 200.0, 150.0, 50.0, '$10', 0.0, '$2', 50.0, '$7', 0.0, '$5', 50.0, 0.0, '$3', 50.0, 100.0, 50.0, 0.0, 100.0, 200.0, '$2', 100.0, '$2', 150.0, 200.0, 100.0, '$15', 0.0, '$2', 50.0, '$3', 0.0, 50.0, 0.0, 100.0, 200.0, '$2', 100.0, 150.0, 50.0, 100.0, 50.0, '$3', 0.0, '$2', 50.0, '$4', 0.0, '$4', 50.0, '$5', 0.0, '$2', 50.0, '$7', 0.0, '$3', 50.0, 150.0, 100.0, '$3', 0.0, '$2', 150.0, 50.0, 150.0, 50.0, '$6', 0.0, '$2', 50.0, '$2', 150.0, '$2', 100.0, '$5', 50.0, '$3', 100.0, 150.0, '$6', 200.0, 150.0, 200.0, 150.0, '$4', 50.0, 0.0, 50.0, 0.0, 150.0, 200.0, 150.0, '$2', 50.0, '$9', 0.0, 50.0, 0.0, '$2', 50.0, 100.0, 50.0, '$2', 100.0, '$2', 50.0, 0.0, '$4', 50.0, 150.0, 100.0, 0.0, '$2', 50.0, 100.0, 50.0, 150.0, '$3', 200.0, '$2', 100.0, 0.0, 50.0, 0.0, '$3', 100.0, 50.0, 100.0, '$4', 50.0, 100.0, '$2', 150.0, 50.0, 100.0, 50.0, 0.0, '$4', 50.0, '$11', 0.0, 100.0, 150.0, 0.0, 50.0, 150.0, 100.0, '$11', 0.0, 100.0, '$2', 50.0, 200.0, '$2', 100.0, 200.0, 150.0, '$8', 200.0, 150.0, '$2', 0.0, 150.0, '$6', 200.0, 100.0, 0.0, '$2', 200.0, 150.0, 50.0, 0.0, 150.0, '$2', 100.0, '$7', 50.0, 100.0, 150.0, '$60', 200.0, '$5', 150.0]
['$2', 50.0, '$4', 0.0, '$4', 50.0, '$5', 0.0, '$8', 50.0, '$3', 0.0, 50.0, '$2', 150.0, 100.0, '$2', 200.0, 100.0, 0.0, '$3', 50.0, '$6', 0.0, '$2', 50.0, '$6', 0.0, '$6', 50.0, 0.0, '$3', 50.0, 100.0, 50.0, '$2', 0.0, '$2', 150.0, '$3', 100.0, 50.0, 100.0, 50.0, '$14', 0.0, '$2', 50.0, '$3', 0.0, 50.0, '$2', 0.0, '$2', 50.0, 0.0, 50.0, '$3', 150.0, 50.0, 0.0, 50.0, 0.0, '$2', 50.0, '$3', 0.0, '$2', 50.0, 0.0, 50.0, 100.0, 50.0, '$4', 0.0, 50.0, '$6', 0.0, '$4', 50.0, '$2', 100.0, 0.0, 100.0, '$2', 50.0, '$2', 0.0, 100.0, 50.0, '$4', 0.0, 50.0, '$3', 0.0, '$2', 150.0, '$2', 200.0, '$5', 50.0, '$3', 100.0, 150.0, '$5', 200.0, 250.0, '$3', 200.0, 100.0, 0.0, '$2', 50.0, '$3', 0.0, 50.0, 150.0, 200.0, 150.0, '$2', 50.0, '$4', 0.0, 50.0, '$2', 0.0, '$4', 50.0, 100.0, 150.0, 50.0, 150.0, 100.0, 0.0, '$2', 50.0, 150.0, 100.0, 50.0, 0.0, 50.0, '$3', 150.0, 100.0, 200.0, 150.0, 100.0, '$3', 200.0, '$2', 50.0, '$2', 0.0, 100.0, 150.0, 100.0, 50.0, 100.0, '$2', 150.0, 50.0, 0.0, 100.0, '$2', 150.0, 100.0, 0.0, 100.0, 50.0, '$3', 100.0, 150.0, 0.0, '$2', 50.0, '$4', 0.0, 50.0, '$4', 0.0, 50.0, 100.0, 50.0, 100.0, 50.0, '$2', 0.0, 50.0, '$6', 0.0, '$2', 50.0, 0.0, 50.0, '$2', 0.0, 200.0, 150.0, 0.0, '$2', 200.0, 150.0, '$7', 200.0, '$2', 50.0, 150.0, '$7', 200.0, '$2', 150.0, 200.0, 150.0, '$2', 0.0, 50.0, '$2', 150.0, 100.0, 50.0, 0.0, '$6', 50.0, 150.0, '$62', 200.0, '$3', 150.0]
['$2', 50.0, '$2', 0.0, 50.0, '$2', 0.0, '$3', 50.0, '$2', 0.0, 50.0, '$2', 0.0, '$8', 50.0, '$4', 0.0, 50.0, '$3', 100.0, 150.0, 100.0, 0.0, '$2', 50.0, '$7', 0.0, '$2', 50.0, '$9', 0.0, '$9', 50.0, '$2', 0.0, '$2', 50.0, '$2', 0.0, 50.0, '$2', 0.0, 50.0, '$14', 0.0, '$2', 50.0, '$3', 0.0, '$2', 50.0, '$5', 0.0, 50.0, 100.0, 150.0, 100.0, '$4', 0.0, '$2', 50.0, '$2', 0.0, '$3', 50.0, 0.0, 100.0, 50.0, 0.0, 50.0, '$9', 0.0, '$3', 50.0, 100.0, 50.0, '$2', 0.0, 100.0, 50.0, 0.0, 50.0, 0.0, '$2', 50.0, '$2', 0.0, '$3', 50.0, '$2', 0.0, '$2', 50.0, 150.0, '$2', 200.0, '$4', 50.0, '$5', 100.0, 150.0, '$5', 250.0, 200.0, 150.0, 200.0, 150.0, '$3', 50.0, 150.0, 100.0, 50.0, '$2', 0.0, 100.0, 150.0, 100.0, 50.0, '$2', 100.0, '$5', 0.0, '$2', 100.0, 0.0, 50.0, '$4', 100.0, 50.0, 0.0, '$2', 100.0, 200.0, 150.0, 100.0, '$5', 150.0, 100.0, '$3', 200.0, 250.0, 150.0, 200.0, 150.0, 100.0, 50.0, 0.0, 150.0, '$2', 100.0, '$2', 200.0, 100.0, 150.0, 100.0, 0.0, '$2', 50.0, '$2', 0.0, 50.0, 150.0, 100.0, '$2', 200.0, 50.0, 150.0, 100.0, 0.0, 50.0, '$4', 0.0, 50.0, 0.0, 50.0, 0.0, '$3', 50.0, '$12', 0.0, '$2', 50.0, 0.0, 100.0, '$2', 50.0, 200.0, 150.0, 0.0, '$10', 200.0, 150.0, '$12', 200.0, 50.0, 0.0, 50.0, '$2', 0.0, 100.0, 150.0, 50.0, 0.0, '$3', 50.0, 0.0, 100.0, 150.0, '$64', 200.0, '$2', 150.0]
['$3', 50.0, '$4', 0.0, '$6', 50.0, '$3', 0.0, '$8', 50.0, '$11', 0.0, 50.0, 100.0, '$6', 0.0, '$3', 50.0, '$5', 0.0, '$9', 50.0, 100.0, 50.0, '$2', 150.0, 0.0, 50.0, 150.0, 100.0, 0.0, 50.0, '$3', 0.0, 100.0, 50.0, '$12', 0.0, '$2', 50.0, '$4', 0.0, '$2', 50.0, '$7', 0.0, 50.0, '$4', 0.0, '$2', 50.0, 0.0, 50.0, '$2', 100.0, '$2', 50.0, 100.0, 150.0, 100.0, '$9', 0.0, '$2', 50.0, 100.0, '$3', 50.0, '$3', 0.0, 50.0, '$2', 0.0, '$2', 50.0, '$2', 100.0, 0.0, '$3', 50.0, '$2', 0.0, '$3', 50.0, '$2', 150.0, '$5', 50.0, '$4', 100.0, 150.0, '$2', 250.0, '$3', 200.0, '$2', 150.0, 100.0, '$2', 50.0, 0.0, 100.0, 200.0, '$2', 150.0, 100.0, 150.0, 100.0, '$2', 50.0, '$3', 150.0, '$3', 0.0, 50.0, 0.0, '$4', 50.0, '$3', 100.0, '$2', 50.0, 0.0, 50.0, 100.0, 150.0, '$5', 200.0, 150.0, 100.0, 150.0, '$5', 200.0, 150.0, 200.0, 50.0, 0.0, 50.0, '$2', 0.0, 150.0, 200.0, 150.0, 50.0, 200.0, 150.0, 50.0, '$2', 0.0, 150.0, '$2', 100.0, 200.0, '$3', 150.0, 50.0, '$2', 150.0, '$2', 0.0, 50.0, '$4', 0.0, '$4', 50.0, 0.0, '$2', 50.0, '$17', 0.0, '$2', 50.0, 100.0, '$4', 200.0, 150.0, '$16', 200.0, 100.0, 50.0, 0.0, 100.0, 150.0, 50.0, 0.0, '$2', 100.0, '$4', 0.0, 50.0, 150.0, '$68', 200.0]
['$4', 50.0, '$3', 0.0, '$5', 50.0, '$6', 0.0, '$5', 50.0, '$4', 0.0, 50.0, 100.0, '$6', 50.0, 100.0, 200.0, 100.0, '$5', 0.0, '$3', 50.0, '$5', 0.0, '$11', 50.0, 150.0, 200.0, 50.0, '$2', 100.0, 50.0, '$4', 0.0, '$2', 100.0, 50.0, '$13', 0.0, 50.0, '$11', 0.0, 50.0, '$7', 0.0, '$3', 50.0, '$3', 100.0, 150.0, 200.0, 150.0, 100.0, 0.0, 50.0, '$7', 0.0, '$6', 50.0, '$3', 0.0, 50.0, '$2', 0.0, 50.0, '$3', 100.0, '$2', 50.0, '$2', 0.0, '$4', 50.0, 0.0, '$2', 100.0, 50.0, 0.0, '$4', 50.0, '$4', 100.0, 200.0, 250.0, 200.0, 150.0, 200.0, 150.0, 200.0, 100.0, 50.0, '$2', 0.0, 100.0, 200.0, '$2', 50.0, 100.0, '$3', 150.0, '$5', 50.0, '$2', 0.0, 50.0, 100.0, 50.0, '$3', 0.0, 100.0, 150.0, '$4', 50.0, 150.0, 100.0, 150.0, 200.0, 150.0, 200.0, 250.0, 200.0, 100.0, 50.0, 100.0, '$2', 200.0, 150.0, '$2', 200.0, '$2', 100.0, 50.0, 100.0, 50.0, 0.0, '$4', 100.0, 0.0, '$2', 150.0, '$3', 50.0, '$2', 100.0, '$3', 150.0, '$2', 100.0, '$2', 50.0, 100.0, '$2', 50.0, 0.0, 50.0, '$2', 0.0, '$2', 50.0, 0.0, '$4', 50.0, 100.0, 50.0, '$15', 0.0, 50.0, '$2', 0.0, 150.0, '$20', 200.0, 150.0, '$3', 0.0, 100.0, 150.0, 50.0, 0.0, '$2', 100.0, '$3', 0.0, 50.0, 100.0, '$3', 150.0, '$66', 200.0]
[100.0, 0.0, '$4', 50.0, '$2', 0.0, '$3', 50.0, '$8', 0.0, '$4', 50.0, '$5', 0.0, 100.0, '$6', 150.0, 100.0, '$2', 150.0, 50.0, '$2', 0.0, 50.0, 0.0, '$2', 50.0, '$6', 0.0, '$11', 50.0, 100.0, 150.0, 50.0, '$2', 100.0, 50.0, '$2', 0.0, 50.0, 0.0, 150.0, 200.0, 50.0, '$13', 0.0, 50.0, '$4', 0.0, '$2', 50.0, '$13', 0.0, '$3', 50.0, '$3', 100.0, 50.0, 100.0, 150.0, 100.0, 0.0, 50.0, '$7', 0.0, '$6', 50.0, '$4', 0.0, '$2', 50.0, 100.0, '$3', 150.0, '$2', 50.0, '$2', 100.0, '$2', 50.0, 100.0, 150.0, 100.0, '$2', 150.0, '$2', 50.0, 0.0, '$4', 50.0, '$4', 100.0, 200.0, 150.0, '$2', 50.0, 200.0, '$2', 150.0, 200.0, '$2', 50.0, 100.0, 150.0, 100.0, '$2', 50.0, '$2', 100.0, 150.0, 100.0, 50.0, 0.0, '$3', 50.0, '$2', 0.0, '$2', 100.0, '$5', 0.0, '$4', 50.0, 100.0, 50.0, 100.0, '$5', 200.0, 150.0, 100.0, 150.0, '$2', 200.0, 150.0, '$2', 200.0, 50.0, 0.0, 50.0, '$2', 150.0, 0.0, 100.0, 150.0, '$2', 50.0, 0.0, '$5', 50.0, 100.0, 150.0, '$4', 100.0, 50.0, 0.0, 50.0, '$2', 150.0, '$2', 100.0, '$3', 0.0, 50.0, 0.0, 50.0, 150.0, '$2', 100.0, '$2', 50.0, '$2', 100.0, '$5', 0.0, 50.0, '$7', 0.0, 50.0, 0.0, 50.0, 150.0, '$4', 200.0, 250.0, '$17', 200.0, '$2', 150.0, 50.0, '$2', 0.0, 50.0, 0.0, 150.0, 100.0, '$2', 0.0, 50.0, 0.0, 50.0, '$2', 0.0, 100.0, '$66', 200.0]
[150.0, 100.0, 0.0, '$4', 50.0, 0.0, '$4', 50.0, '$7', 0.0, '$5', 50.0, '$5', 0.0, 150.0, '$2', 200.0, '$3', 150.0, 200.0, 150.0, 100.0, 150.0, 100.0, '$5', 50.0, '$6', 0.0, '$13', 50.0, '$2', 0.0, '$2', 50.0, '$2', 0.0, 50.0, 0.0, 100.0, 150.0, 100.0, '$13', 0.0, 50.0, '$4', 0.0, 150.0, 100.0, 0.0, 50.0, '$5', 0.0, 50.0, '$6', 0.0, '$2', 50.0, '$5', 100.0, 150.0, 50.0, 0.0, 50.0, '$7', 0.0, '$7', 50.0, '$2', 100.0, '$3', 50.0, 150.0, '$2', 200.0, 150.0, 50.0, 100.0, '$2', 150.0, '$2', 50.0, '$4', 200.0, 150.0, '$2', 0.0, '$4', 50.0, '$5', 100.0, '$2', 150.0, '$3', 50.0, 100.0, 150.0, 200.0, 50.0, 150.0, 200.0, '$2', 100.0, 150.0, 50.0, '$3', 150.0, 100.0, '$2', 50.0, '$2', 0.0, '$3', 50.0, '$4', 100.0, '$3', 50.0, '$2', 0.0, '$3', 50.0, 150.0, 100.0, 200.0, 250.0, '$2', 200.0, 150.0, '$3', 200.0, 250.0, 200.0, 50.0, '$2', 150.0, 0.0, 50.0, '$2', 150.0, 100.0, '$2', 0.0, 50.0, 0.0, '$2', 100.0, '$2', 0.0, '$4', 50.0, 150.0, 100.0, '$3', 0.0, 50.0, 100.0, 150.0, 200.0, 150.0, 100.0, 50.0, 0.0, '$2', 50.0, '$2', 0.0, 100.0, 150.0, 50.0, 100.0, '$2', 0.0, 50.0, 150.0, 100.0, 0.0, 50.0, '$11', 0.0, 100.0, 150.0, 200.0, '$2', 150.0, '$22', 200.0, 150.0, 100.0, '$3', 50.0, 100.0, 50.0, '$5', 0.0, 50.0, 0.0, 100.0, 150.0, '$65', 200.0]
[100.0, 150.0, 50.0, 0.0, '$9', 50.0, '$8', 0.0, '$2', 50.0, 0.0, 50.0, '$4', 0.0, 100.0, 150.0, '$3', 200.0, 150.0, '$2', 200.0, 100.0, 50.0, 150.0, '$5', 50.0, '$8', 0.0, '$10', 50.0, '$2', 0.0, '$2', 50.0, 0.0, 50.0, 0.0, '$3', 50.0, 100.0, 50.0, '$13', 0.0, 50.0, '$4', 0.0, 100.0, '$2', 150.0, 100.0, 50.0, '$4', 0.0, '$2', 50.0, '$5', 0.0, '$3', 50.0, 100.0, 50.0, 0.0, '$2', 100.0, '$10', 0.0, '$6', 50.0, 100.0, '$6', 50.0, '$2', 100.0, 150.0, 50.0, 100.0, 150.0, 100.0, '$2', 50.0, 200.0, 150.0, 200.0, 150.0, 100.0, 0.0, 50.0, '$2', 0.0, '$3', 50.0, '$9', 100.0, 150.0, 200.0, 150.0, 0.0, 150.0, 200.0, 100.0, 150.0, 200.0, 150.0, 100.0, 150.0, 200.0, 100.0, '$4', 50.0, '$10', 100.0, 50.0, 0.0, '$3', 50.0, 150.0, 100.0, 150.0, 200.0, '$2', 250.0, '$2', 200.0, '$2', 250.0, 200.0, 150.0, 100.0, '$2', 150.0, 100.0, 0.0, 100.0, '$3', 50.0, 0.0, 50.0, 100.0, 150.0, 100.0, 0.0, '$6', 50.0, '$2', 100.0, '$2', 50.0, 100.0, 150.0, '$3', 100.0, 50.0, 100.0, 0.0, '$3', 100.0, '$2', 50.0, '$6', 0.0, '$2', 50.0, 0.0, '$3', 50.0, '$4', 0.0, '$2', 50.0, 0.0, 50.0, '$2', 150.0, 100.0, 50.0, '$2', 0.0, 100.0, '$19', 200.0, 150.0, 100.0, 150.0, '$2', 200.0, 100.0, 0.0, 50.0, '$4', 0.0, '$7', 50.0, 150.0, '$63', 200.0]
['$2', 0.0, 50.0, '$5', 0.0, '$6', 50.0, '$16', 0.0, 50.0, 100.0, '$4', 200.0, 150.0, '$3', 50.0, '$3', 0.0, '$2', 50.0, '$7', 0.0, '$10', 50.0, 100.0, 150.0, '$3', 100.0, 50.0, '$3', 0.0, '$2', 50.0, '$15', 0.0, 50.0, '$4', 0.0, 50.0, 150.0, 200.0, 150.0, 100.0, '$11', 0.0, '$7', 50.0, 100.0, 50.0, '$8', 0.0, '$6', 50.0, 100.0, '$4', 50.0, 100.0, 50.0, '$2', 0.0, '$5', 50.0, '$2', 100.0, 50.0, 100.0, 50.0, '$2', 100.0, '$2', 50.0, '$3', 0.0, '$4', 50.0, '$12', 100.0, '$2', 150.0, 50.0, 150.0, 200.0, 150.0, 50.0, 100.0, 150.0, 100.0, 50.0, '$15', 100.0, '$2', 0.0, 100.0, '$2', 50.0, '$2', 150.0, '$7', 200.0, 100.0, '$3', 150.0, 50.0, '$3', 0.0, '$2', 50.0, 0.0, 50.0, 200.0, 150.0, 0.0, '$7', 50.0, 150.0, '$2', 100.0, 150.0, 100.0, '$2', 50.0, 150.0, '$2', 100.0, 150.0, 100.0, 0.0, 100.0, 200.0, '$3', 100.0, '$2', 0.0, 50.0, 0.0, '$2', 100.0, '$2', 150.0, '$3', 100.0, '$3', 0.0, 50.0, '$2', 100.0, 0.0, 50.0, 100.0, 50.0, 0.0, '$3', 50.0, 100.0, '$20', 200.0, 150.0, 100.0, 150.0, 200.0, 100.0, 0.0, 50.0, '$2', 0.0, '$2', 100.0, 50.0, '$2', 0.0, '$2', 50.0, '$2', 0.0, 150.0, '$61', 200.0, '$2', 150.0]
['$4', 0.0, 50.0, '$3', 0.0, '$7', 50.0, '$16', 0.0, 50.0, 100.0, '$3', 200.0, 100.0, '$2', 0.0, '$3', 50.0, '$11', 0.0, '$10', 50.0, 150.0, '$2', 100.0, '$2', 50.0, 0.0, 50.0, 100.0, 150.0, 100.0, '$8', 0.0, 50.0, '$6', 0.0, 50.0, '$4', 0.0, '$2', 50.0, '$2', 100.0, 50.0, '$6', 0.0, 100.0, 50.0, '$4', 0.0, '$9', 50.0, '$7', 0.0, '$11', 50.0, 100.0, 50.0, '$9', 0.0, 50.0, 0.0, 50.0, 100.0, '$3', 50.0, '$3', 0.0, '$11', 50.0, '$6', 100.0, 150.0, '$2', 100.0, '$2', 150.0, 50.0, '$18', 100.0, 150.0, 100.0, 50.0, 100.0, 150.0, 100.0, 200.0, 150.0, 0.0, 150.0, 250.0, 200.0, 100.0, 150.0, '$2', 100.0, 150.0, 100.0, 50.0, 0.0, '$7', 50.0, 150.0, 100.0, '$7', 50.0, 0.0, 100.0, 150.0, 0.0, 100.0, '$3', 50.0, 150.0, 50.0, 100.0, 150.0, 200.0, 100.0, 50.0, 150.0, 100.0, '$2', 150.0, '$2', 50.0, 100.0, '$3', 0.0, 100.0, 150.0, 100.0, '$5', 0.0, '$3', 50.0, '$3', 100.0, 150.0, 200.0, 150.0, '$2', 50.0, 200.0, 250.0, '$2', 150.0, '$19', 200.0, '$2', 150.0, 100.0, 0.0, 50.0, 0.0, '$2', 100.0, 50.0, '$5', 0.0, 50.0, 100.0, 150.0, '$59', 200.0, '$4', 150.0]
['$9', 0.0, 50.0, '$2', 0.0, 50.0, 100.0, 50.0, '$16', 0.0, 50.0, 100.0, 150.0, 200.0, 150.0, 50.0, '$3', 0.0, '$2', 50.0, '$2', 0.0, 50.0, '$9', 0.0, '$7', 50.0, 100.0, 50.0, '$2', 0.0, '$3', 50.0, 0.0, 50.0, 150.0, 200.0, 100.0, 50.0, '$6', 0.0, '$2', 50.0, '$6', 0.0, '$2', 50.0, '$3', 0.0, 50.0, '$2', 100.0, 50.0, '$2', 100.0, '$3', 0.0, '$2', 50.0, 100.0, '$3', 50.0, '$2', 0.0, '$9', 50.0, '$7', 0.0, '$4', 50.0, 0.0, '$9', 50.0, 0.0, '$2', 50.0, '$7', 0.0, '$6', 50.0, 0.0, 50.0, 0.0, '$3', 50.0, '$38', 100.0, 150.0, 200.0, '$2', 100.0, '$5', 150.0, 250.0, 150.0, 50.0, '$2', 100.0, 150.0, '$2', 100.0, 0.0, 50.0, 0.0, 150.0, 100.0, '$2', 50.0, 100.0, '$11', 50.0, 100.0, 150.0, '$3', 0.0, 100.0, 50.0, 150.0, 100.0, 200.0, '$3', 150.0, 0.0, 100.0, '$2', 200.0, '$2', 150.0, '$4', 100.0, 0.0, 50.0, 100.0, '$8', 0.0, 50.0, 150.0, 200.0, '$2', 150.0, 200.0, 150.0, 0.0, 100.0, 200.0, 150.0, '$2', 50.0, '$16', 200.0, 100.0, '$4', 150.0, 100.0, '$2', 0.0, 50.0, 150.0, 50.0, '$4', 0.0, 50.0, 100.0, 150.0, '$61', 200.0, '$4', 150.0]
['$9', 0.0, '$2', 50.0, '$2', 0.0, 50.0, 100.0, 50.0, '$15', 0.0, 50.0, 150.0, 100.0, 150.0, 200.0, 100.0, '$3', 0.0, 50.0, '$2', 0.0, '$2', 50.0, '$9', 0.0, '$4', 50.0, '$3', 0.0, 50.0, 100.0, '$2', 50.0, 100.0, '$5', 50.0, 200.0, 150.0, 50.0, '$2', 0.0, '$7', 50.0, '$5', 0.0, '$2', 50.0, '$3', 0.0, 50.0, '$4', 150.0, 200.0, 100.0, 50.0, '$2', 100.0, '$2', 150.0, 100.0, '$2', 50.0, 0.0, '$2', 50.0, '$2', 0.0, '$7', 50.0, '$5', 0.0, '$4', 50.0, '$2', 0.0, '$2', 50.0, '$2', 0.0, 50.0, 100.0, '$6', 50.0, '$7', 0.0, '$4', 50.0, 100.0, 50.0, '$4', 0.0, '$2', 50.0, '$39', 100.0, '$2', 150.0, 0.0, '$3', 150.0, '$4', 200.0, 150.0, 200.0, '$3', 100.0, 50.0, 0.0, '$2', 50.0, 100.0, 50.0, '$2', 0.0, 100.0, '$16', 50.0, 100.0, 150.0, '$2', 100.0, '$2', 200.0, 100.0, 150.0, 100.0, 0.0, 150.0, 200.0, '$3', 150.0, 200.0, 100.0, 50.0, '$3', 100.0, '$6', 0.0, 50.0, '$2', 0.0, 50.0, '$2', 200.0, 0.0, '$2', 50.0, 0.0, 50.0, 100.0, '$3', 50.0, '$16', 200.0, 50.0, '$2', 0.0, '$2', 50.0, 100.0, '$2', 0.0, 100.0, 50.0, 0.0, '$2', 50.0, 100.0, 50.0, 100.0, '$61', 200.0, '$6', 150.0]
['$3', 0.0, 50.0, '$5', 0.0, '$3', 50.0, 0.0, 50.0, 100.0, '$2', 50.0, '$15', 0.0, 100.0, 150.0, 100.0, 150.0, 100.0, '$3', 0.0, 100.0, 50.0, 0.0, '$2', 50.0, '$8', 0.0, '$9', 50.0, '$2', 150.0, 100.0, 200.0, 100.0, '$2', 0.0, '$2', 100.0, 150.0, 200.0, 100.0, 50.0, 0.0, '$7', 50.0, '$5', 0.0, '$2', 50.0, '$3', 0.0, 50.0, 150.0, '$2', 200.0, 150.0, 200.0, 150.0, 50.0, 100.0, 50.0, '$2', 100.0, '$2', 50.0, '$2', 0.0, 50.0, '$3', 0.0, '$7', 50.0, '$5', 0.0, '$4', 50.0, '$2', 0.0, '$11', 50.0, '$3', 0.0, 50.0, '$3', 0.0, '$6', 50.0, 100.0, '$3', 0.0, '$9', 50.0, '$36', 100.0, 0.0, 100.0, '$5', 200.0, '$2', 150.0, 100.0, '$2', 50.0, '$2', 0.0, '$19', 50.0, 100.0, 50.0, '$2', 0.0, 100.0, 150.0, '$2', 100.0, 150.0, 100.0, 50.0, '$2', 150.0, 0.0, 50.0, '$2', 200.0, 100.0, 150.0, 200.0, 100.0, 0.0, 50.0, 100.0, 50.0, '$7', 0.0, 50.0, 100.0, 0.0, 100.0, 200.0, 100.0, '$3', 0.0, '$4', 50.0, 150.0, '$16', 200.0, '$3', 150.0, 200.0, 150.0, 100.0, 0.0, '$2', 50.0, '$3', 0.0, 100.0, '$3', 150.0, '$53', 200.0, '$4', 150.0, '$4', 200.0, '$6', 150.0]
['$4', 0.0, '$2', 50.0, '$3', 0.0, '$3', 50.0, 0.0, '$5', 50.0, '$15', 0.0, 50.0, '$2', 200.0, 100.0, '$4', 0.0, 50.0, 0.0, '$2', 50.0, '$9', 0.0, '$8', 50.0, '$2', 100.0, 150.0, 200.0, 100.0, 0.0, '$3', 50.0, 100.0, 150.0, 100.0, 50.0, '$2', 0.0, '$2', 100.0, 0.0, '$3', 50.0, '$5', 0.0, '$2', 50.0, '$4', 0.0, 100.0, 200.0, '$2', 150.0, '$2', 100.0, '$5', 0.0, '$2', 50.0, '$7', 0.0, '$6', 50.0, 0.0, 50.0, '$2', 0.0, '$5', 50.0, '$4', 0.0, 50.0, '$2', 100.0, '$6', 50.0, 0.0, '$3', 50.0, '$2', 0.0, '$5', 50.0, '$3', 100.0, 50.0, '$2', 0.0, '$8', 50.0, '$23', 100.0, '$3', 50.0, '$12', 100.0, 50.0, 150.0, '$2', 200.0, 250.0, '$2', 200.0, 150.0, 100.0, 0.0, '$2', 100.0, 0.0, 100.0, '$3', 150.0, '$11', 50.0, '$3', 0.0, '$3', 50.0, 0.0, '$3', 50.0, 0.0, '$2', 50.0, '$3', 0.0, '$2', 50.0, 150.0, 100.0, 200.0, 150.0, 200.0, 100.0, '$2', 50.0, '$11', 0.0, 150.0, 100.0, 0.0, 100.0, 50.0, '$3', 0.0, '$2', 50.0, 100.0, '$23', 200.0, 150.0, 100.0, '$3', 50.0, '$4', 0.0, 50.0, 100.0, 150.0, '$52', 200.0, '$14', 150.0]
[0.0, 50.0, '$2', 0.0, '$3', 50.0, '$5', 0.0, '$6', 50.0, '$16', 0.0, '$2', 150.0, 50.0, '$2', 0.0, '$2', 50.0, 0.0, '$3', 50.0, '$10', 0.0, '$7', 50.0, 100.0, '$2', 50.0, 100.0, 50.0, 150.0, 100.0, '$2', 0.0, '$4', 50.0, 100.0, 50.0, '$2', 100.0, 0.0, '$3', 50.0, '$5', 0.0, '$2', 50.0, '$4', 0.0, '$2', 150.0, 50.0, '$8', 0.0, '$3', 50.0, '$3', 0.0, '$2', 50.0, 0.0, '$7', 50.0, '$3', 0.0, '$5', 50.0, '$5', 0.0, '$8', 50.0, 0.0, '$2', 50.0, '$2', 0.0, '$2', 50.0, 0.0, '$3', 50.0, '$3', 150.0, 100.0, 0.0, 50.0, 0.0, '$9', 50.0, '$22', 100.0, '$2', 50.0, '$12', 100.0, 150.0, 100.0, 150.0, '$2', 200.0, 150.0, 100.0, '$2', 150.0, 0.0, 100.0, 150.0, 100.0, '$3', 150.0, 100.0, '$11', 50.0, '$5', 0.0, 50.0, 0.0, 50.0, '$4', 0.0, '$5', 50.0, 0.0, 100.0, 0.0, 100.0, '$2', 150.0, 100.0, '$2', 0.0, '$2', 50.0, '$5', 0.0, 50.0, '$3', 0.0, '$2', 50.0, '$2', 0.0, 100.0, 50.0, '$2', 0.0, 50.0, 100.0, 150.0, 100.0, '$2', 50.0, 150.0, '$19', 200.0, 150.0, '$2', 100.0, '$2', 150.0, 100.0, 50.0, 0.0, 50.0, '$2', 0.0, 100.0, 150.0, '$51', 200.0, '$14', 150.0]
[150.0, 100.0, 150.0, 0.0, '$3', 50.0, '$6', 0.0, '$7', 50.0, '$2', 0.0, '$3', 50.0, 0.0, '$2', 50.0, '$7', 0.0, 50.0, 100.0, 50.0, 0.0, 100.0, 150.0, 50.0, 0.0, 50.0, '$10', 0.0, '$7', 50.0, '$2', 100.0, 50.0, 150.0, 200.0, 50.0, 150.0, 200.0, 100.0, '$4', 50.0, 0.0, 100.0, 150.0, 0.0, '$5', 50.0, '$5', 0.0, '$2', 50.0, '$3', 0.0, 50.0, '$2', 150.0, 100.0, 0.0, 50.0, '$3', 0.0, 50.0, 100.0, '$4', 0.0, '$2', 50.0, 0.0, '$3', 50.0, 0.0, '$6', 50.0, '$2', 0.0, '$6', 50.0, '$6', 0.0, '$7', 50.0, 0.0, '$2', 50.0, '$2', 0.0, '$6', 50.0, '$2', 100.0, 150.0, '$2', 100.0, '$2', 0.0, '$7', 50.0, '$23', 100.0, '$6', 50.0, '$14', 100.0, 50.0, '$5', 100.0, 150.0, '$4', 100.0, '$9', 50.0, 0.0, '$2', 50.0, '$7', 0.0, 50.0, 0.0, '$2', 50.0, 0.0, '$2', 100.0, '$2', 50.0, '$3', 0.0, '$2', 50.0, 0.0, 50.0, 0.0, '$2', 50.0, '$2', 100.0, '$5', 0.0, '$2', 50.0, 0.0, 50.0, '$4', 0.0, 150.0, 50.0, 0.0, '$3', 50.0, '$2', 0.0, 100.0, 150.0, '$20', 200.0, 150.0, 0.0, 50.0, '$5', 100.0, 150.0, 100.0, 50.0, 0.0, 150.0, '$56', 200.0, '$9', 150.0]
['$2', 150.0, 200.0, 150.0, 0.0, '$2', 50.0, '$6', 0.0, 50.0, 0.0, '$7', 50.0, 0.0, '$3', 50.0, 0.0, 50.0, '$8', 0.0, '$2', 100.0, 0.0, 50.0, 100.0, 50.0, 0.0, 50.0, '$10', 0.0, '$7', 50.0, 100.0, '$2', 50.0, '$3', 100.0, '$2', 150.0, 200.0, 150.0, 100.0, 50.0, 100.0, '$3', 150.0, 100.0, 150.0, 100.0, 0.0, 50.0, '$5', 0.0, '$3', 50.0, '$3', 0.0, 100.0, 200.0, 100.0, '$6', 0.0, '$2', 150.0, 50.0, 0.0, 100.0, 50.0, 0.0, 50.0, 0.0, '$3', 50.0, 0.0, '$5', 50.0, '$2', 0.0, 50.0, 100.0, '$4', 50.0, '$5', 0.0, '$6', 50.0, 100.0, 50.0, 0.0, '$3', 50.0, '$3', 0.0, '$2', 50.0, 100.0, '$2', 50.0, '$5', 100.0, 50.0, 0.0, '$7', 50.0, '$23', 100.0, '$8', 50.0, '$14', 100.0, 50.0, '$9', 100.0, '$8', 50.0, 0.0, 50.0, 100.0, '$4', 0.0, 50.0, '$4', 0.0, '$3', 50.0, 100.0, 150.0, 100.0, 0.0, '$2', 50.0, 0.0, 150.0, 200.0, 100.0, '$2', 0.0, 50.0, 100.0, 50.0, '$4', 0.0, 50.0, '$2', 0.0, '$3', 50.0, 0.0, 50.0, '$2', 100.0, 150.0, '$2', 50.0, '$2', 100.0, '$2', 150.0, '$2', 100.0, 200.0, 250.0, '$18', 200.0, 150.0, 50.0, '$2', 0.0, 100.0, 150.0, 50.0, 0.0, 50.0, 150.0, 200.0, 150.0, 100.0, '$58', 200.0, '$8', 150.0]
[100.0, 150.0, '$2', 200.0, 100.0, '$3', 50.0, '$6', 0.0, '$3', 50.0, 0.0, '$2', 50.0, 100.0, '$2', 50.0, '$4', 0.0, 50.0, '$8', 0.0, 50.0, 100.0, 150.0, 100.0, '$2', 50.0, '$12', 0.0, '$7', 50.0, 100.0, '$3', 50.0, 0.0, '$2', 50.0, 100.0, '$2', 200.0, '$2', 150.0, '$3', 200.0, 100.0, '$2', 200.0, 100.0, '$6', 0.0, '$6', 50.0, 0.0, '$2', 200.0, '$3', 100.0, '$4', 0.0, '$2', 100.0, '$2', 0.0, '$2', 50.0, 0.0, '$11', 50.0, 0.0, 50.0, 0.0, '$5', 50.0, '$4', 0.0, '$7', 50.0, '$2', 100.0, '$4', 50.0, '$3', 0.0, '$2', 50.0, 100.0, '$3', 50.0, '$2', 100.0, '$3', 50.0, 0.0, '$7', 50.0, '$24', 100.0, '$6', 50.0, '$3', 100.0, 50.0, '$22', 100.0, '$5', 50.0, 0.0, 50.0, 0.0, 100.0, 150.0, '$4', 0.0, 50.0, '$2', 0.0, 50.0, '$4', 0.0, '$3', 100.0, '$4', 50.0, 100.0, '$2', 200.0, 150.0, 0.0, 100.0, 150.0, '$4', 0.0, '$2', 50.0, '$2', 0.0, '$2', 50.0, '$2', 0.0, 50.0, '$2', 100.0, '$3', 50.0, 0.0, 100.0, 150.0, '$22', 200.0, 150.0, 100.0, 150.0, 50.0, 0.0, 150.0, '$2', 200.0, 150.0, '$2', 100.0, 150.0, '$61', 200.0, '$7', 150.0]
[50.0, 150.0, '$2', 200.0, 150.0, '$6', 50.0, 0.0, '$6', 50.0, '$2', 0.0, '$6', 50.0, 0.0, '$2', 50.0, '$8', 0.0, 100.0, '$3', 200.0, 150.0, 50.0, '$9', 0.0, '$9', 50.0, '$2', 100.0, '$4', 50.0, 0.0, 100.0, 200.0, 150.0, 100.0, '$2', 200.0, 250.0, 150.0, 100.0, '$2', 200.0, 100.0, '$6', 0.0, '$4', 50.0, 0.0, 50.0, 150.0, '$2', 200.0, '$3', 150.0, 50.0, '$4', 0.0, 50.0, '$4', 0.0, '$7', 50.0, '$3', 0.0, 50.0, '$5', 0.0, '$5', 50.0, '$3', 0.0, '$2', 50.0, 100.0, '$6', 50.0, '$2', 100.0, '$12', 50.0, 100.0, '$12', 50.0, '$23', 100.0, '$6', 50.0, '$19', 100.0, '$2', 50.0, '$6', 100.0, '$4', 50.0, 0.0, 50.0, 0.0, 100.0, 150.0, '$2', 50.0, '$2', 0.0, '$2', 50.0, '$6', 0.0, '$3', 50.0, 100.0, 0.0, 50.0, 150.0, 50.0, '$3', 100.0, '$3', 50.0, '$2', 0.0, 50.0, 0.0, 150.0, 100.0, '$2', 0.0, '$4', 50.0, 0.0, '$2', 50.0, 0.0, '$2', 50.0, '$3', 0.0, 50.0, '$20', 200.0, 150.0, 100.0, 200.0, 150.0, '$2', 0.0, 100.0, '$68', 200.0, '$6', 150.0]
[0.0, 100.0, '$2', 150.0, 100.0, '$11', 50.0, 0.0, '$12', 50.0, '$8', 0.0, 50.0, '$5', 150.0, 50.0, '$7', 0.0, '$9', 50.0, '$3', 100.0, 50.0, '$2', 0.0, '$2', 50.0, '$2', 100.0, 50.0, 100.0, '$7', 200.0, 150.0, '$5', 0.0, '$5', 50.0, 100.0, 150.0, '$4', 200.0, 150.0, 50.0, '$4', 0.0, '$2', 50.0, '$4', 0.0, '$7', 50.0, '$3', 0.0, 50.0, '$5', 0.0, '$4', 50.0, '$2', 0.0, 50.0, 100.0, '$10', 50.0, '$2', 100.0, '$8', 50.0, 100.0, '$8', 50.0, 0.0, '$5', 50.0, '$10', 100.0, 50.0, '$13', 100.0, '$6', 50.0, '$20', 100.0, 50.0, '$3', 100.0, 50.0, '$2', 100.0, '$4', 50.0, '$2', 0.0, '$2', 50.0, 0.0, 50.0, 0.0, '$2', 100.0, '$2', 150.0, 50.0, 0.0, 50.0, 0.0, '$2', 50.0, 0.0, 50.0, '$2', 150.0, 100.0, 150.0, 50.0, '$3', 0.0, '$2', 100.0, '$2', 50.0, 0.0, '$3', 50.0, 150.0, 200.0, 50.0, 0.0, 50.0, 100.0, '$5', 50.0, 0.0, '$2', 150.0, 0.0, '$2', 50.0, 0.0, 100.0, '$2', 200.0, 250.0, '$15', 200.0, 150.0, 50.0, 150.0, 200.0, 150.0, 50.0, 0.0, 100.0, '$74', 200.0]
['$2', 0.0, '$3', 100.0, '$11', 50.0, 0.0, '$6', 50.0, '$2', 0.0, '$4', 50.0, '$9', 0.0, '$2', 150.0, 100.0, '$2', 200.0, 50.0, '$7', 0.0, '$13', 50.0, '$2', 0.0, '$2', 50.0, 150.0, 100.0, '$2', 50.0, '$2', 100.0, 150.0, '$5', 200.0, 50.0, '$4', 0.0, '$4', 50.0, 0.0, 100.0, '$2', 200.0, 150.0, 100.0, 150.0, 100.0, 50.0, '$3', 0.0, '$2', 50.0, '$6', 0.0, '$7', 50.0, '$2', 0.0, '$2', 50.0, '$4', 0.0, '$5', 50.0, 0.0, 100.0, 150.0, 100.0, '$3', 50.0, 100.0, '$3', 50.0, 100.0, '$2', 50.0, '$2', 100.0, '$2', 0.0, 50.0, 0.0, 50.0, 100.0, '$16', 50.0, '$13', 100.0, '$5', 50.0, '$7', 100.0, '$7', 50.0, '$18', 100.0, 50.0, '$5', 100.0, '$5', 50.0, 0.0, '$2', 50.0, '$3', 0.0, 50.0, 200.0, 100.0, 50.0, 150.0, 100.0, 0.0, 50.0, 0.0, 50.0, 150.0, 100.0, '$3', 150.0, '$2', 200.0, '$3', 0.0, 50.0, 150.0, 100.0, 50.0, 100.0, '$2', 50.0, 150.0, 200.0, 150.0, 200.0, 50.0, 0.0, '$5', 50.0, '$2', 100.0, 50.0, 200.0, 150.0, '$2', 50.0, '$2', 100.0, 150.0, '$17', 200.0, 150.0, 50.0, 150.0, '$3', 200.0, 100.0, 0.0, 50.0, '$74', 200.0]
['$2', 100.0, 150.0, '$2', 200.0, 150.0, '$3', 50.0, '$2', 0.0, '$3', 50.0, '$3', 0.0, '$5', 50.0, 0.0, '$3', 50.0, '$12', 0.0, 100.0, '$2', 150.0, 200.0, 150.0, 0.0, 50.0, '$6', 0.0, '$13', 50.0, '$3', 0.0, 50.0, '$2', 100.0, 50.0, '$3', 0.0, 100.0, 150.0, '$4', 200.0, 100.0, '$5', 0.0, '$5', 50.0, 150.0, '$2', 200.0, 150.0, '$2', 100.0, '$3', 50.0, 0.0, '$2', 50.0, '$4', 0.0, '$2', 100.0, 0.0, '$5', 50.0, '$3', 0.0, '$2', 50.0, '$2', 0.0, 50.0, '$2', 0.0, '$2', 50.0, 100.0, 50.0, 0.0, 50.0, '$2', 100.0, 0.0, '$2', 50.0, 100.0, '$3', 50.0, 100.0, '$4', 50.0, '$2', 0.0, 50.0, 0.0, '$9', 50.0, '$2', 100.0, '$6', 50.0, '$12', 100.0, '$8', 50.0, '$7', 100.0, '$10', 50.0, '$19', 100.0, '$6', 50.0, 0.0, 100.0, 50.0, 0.0, 50.0, '$2', 100.0, 150.0, '$2', 0.0, 150.0, 50.0, 0.0, 50.0, 100.0, 50.0, '$4', 150.0, 200.0, 150.0, 50.0, '$2', 0.0, '$4', 50.0, '$3', 100.0, 50.0, '$4', 100.0, '$2', 0.0, '$2', 50.0, 0.0, '$2', 150.0, '$3', 50.0, 150.0, '$3', 50.0, 0.0, 150.0, '$17', 200.0, 100.0, 50.0, 150.0, '$5', 200.0, '$2', 100.0, '$74', 200.0]
[100.0, 200.0, 100.0, 50.0, '$2', 150.0, '$3', 50.0, '$2', 0.0, '$3', 50.0, '$2', 0.0, '$12', 50.0, 0.0, 100.0, 150.0, '$8', 0.0, 50.0, 150.0, 200.0, 150.0, 0.0, 50.0, '$6', 0.0, '$10', 50.0, 100.0, '$2', 50.0, '$4', 0.0, 50.0, 0.0, '$3', 150.0, '$3', 50.0, 150.0, '$3', 200.0, 100.0, '$9', 0.0, 100.0, '$5', 200.0, 150.0, '$2', 100.0, 150.0, 50.0, 0.0, 50.0, '$4', 0.0, '$2', 150.0, 0.0, '$5', 50.0, '$3', 0.0, '$2', 50.0, '$2', 0.0, '$2', 50.0, '$2', 0.0, 50.0, 100.0, 50.0, '$2', 0.0, '$11', 50.0, 100.0, '$5', 50.0, '$2', 0.0, 50.0, 100.0, '$10', 50.0, 0.0, '$3', 50.0, '$13', 100.0, 50.0, 100.0, '$4', 50.0, '$7', 100.0, '$12', 50.0, '$19', 100.0, '$4', 50.0, 0.0, 50.0, 150.0, 100.0, 50.0, 150.0, 200.0, 150.0, 200.0, 100.0, 0.0, 100.0, 50.0, 0.0, 100.0, 150.0, 100.0, '$2', 50.0, 100.0, '$3', 150.0, 100.0, '$2', 0.0, 50.0, 0.0, '$2', 50.0, 150.0, 100.0, 50.0, 100.0, '$8', 0.0, 50.0, 100.0, 50.0, 0.0, '$4', 50.0, 0.0, 50.0, 100.0, 150.0, '$3', 200.0, 250.0, '$11', 200.0, 150.0, '$2', 100.0, '$7', 200.0, '$2', 150.0, '$74', 200.0]
[150.0, '$2', 200.0, '$2', 150.0, 100.0, '$3', 50.0, '$2', 0.0, '$17', 50.0, 0.0, 100.0, 200.0, 100.0, '$8', 0.0, 150.0, 200.0, 150.0, 0.0, 50.0, '$6', 0.0, '$10', 50.0, 100.0, 50.0, '$7', 0.0, 50.0, '$2', 150.0, '$4', 100.0, 150.0, '$2', 200.0, 150.0, 0.0, '$2', 50.0, '$3', 0.0, 50.0, 0.0, '$2', 50.0, 150.0, '$6', 200.0, 150.0, '$2', 100.0, 50.0, '$5', 0.0, '$2', 150.0, '$2', 0.0, '$3', 50.0, 0.0, '$3', 50.0, '$3', 0.0, '$4', 50.0, 0.0, '$2', 50.0, '$3', 0.0, '$6', 50.0, 0.0, '$11', 50.0, 0.0, '$6', 50.0, '$2', 100.0, 50.0, 0.0, '$2', 50.0, '$2', 0.0, 50.0, '$14', 100.0, '$6', 50.0, 100.0, 50.0, '$4', 100.0, '$8', 50.0, 100.0, '$5', 50.0, '$13', 100.0, 50.0, 100.0, 50.0, '$2', 100.0, '$6', 50.0, '$2', 200.0, 50.0, '$3', 150.0, 200.0, 100.0, 50.0, 150.0, '$2', 0.0, '$7', 50.0, 100.0, 150.0, 100.0, '$3', 50.0, 150.0, '$2', 50.0, 200.0, 100.0, '$2', 0.0, '$2', 50.0, 0.0, 50.0, '$2', 0.0, 50.0, '$4', 0.0, '$5', 50.0, 100.0, '$16', 200.0, 150.0, '$2', 100.0, 150.0, '$84', 200.0]
[100.0, '$3', 150.0, 200.0, 150.0, 100.0, '$2', 50.0, '$3', 0.0, 50.0, 0.0, '$16', 50.0, '$2', 150.0, 50.0, '$7', 0.0, 100.0, 200.0, 150.0, 0.0, 50.0, '$6', 0.0, '$2', 50.0, 0.0, '$10', 50.0, '$9', 0.0, 50.0, 100.0, '$2', 50.0, 150.0, '$2', 200.0, 150.0, 0.0, '$2', 50.0, '$5', 0.0, 50.0, 0.0, 150.0, '$8', 200.0, 150.0, '$2', 50.0, '$3', 0.0, 50.0, '$2', 150.0, '$2', 0.0, '$3', 50.0, 0.0, '$3', 50.0, '$4', 0.0, '$3', 50.0, 0.0, '$2', 50.0, 0.0, '$8', 50.0, 0.0, '$8', 50.0, '$2', 0.0, '$8', 50.0, '$2', 100.0, '$4', 50.0, 0.0, 50.0, '$16', 100.0, '$8', 50.0, '$4', 100.0, '$6', 50.0, 100.0, '$7', 50.0, '$16', 100.0, '$3', 50.0, 0.0, '$3', 50.0, 150.0, 200.0, 150.0, '$2', 50.0, '$2', 150.0, '$3', 100.0, '$2', 0.0, '$2', 50.0, '$3', 0.0, 50.0, 0.0, 50.0, '$3', 150.0, '$2', 100.0, 150.0, 50.0, 0.0, 150.0, 100.0, '$4', 0.0, '$4', 50.0, '$4', 0.0, '$5', 50.0, 0.0, 150.0, 200.0, 150.0, '$2', 100.0, '$10', 200.0, 150.0, '$2', 100.0, 150.0, '$86', 200.0]
[100.0, 50.0, 150.0, '$3', 200.0, 100.0, '$2', 50.0, '$3', 0.0, 50.0, 0.0, '$16', 50.0, 150.0, 200.0, 100.0, '$8', 0.0, '$2', 100.0, 0.0, 50.0, '$6', 0.0, '$2', 50.0, '$2', 0.0, '$7', 50.0, 100.0, 150.0, 100.0, '$5', 0.0, '$2', 50.0, 0.0, 100.0, '$2', 150.0, 100.0, '$3', 200.0, 150.0, '$3', 50.0, '$7', 0.0, 100.0, 200.0, 150.0, '$7', 200.0, '$4', 50.0, '$2', 0.0, 50.0, 150.0, 50.0, 0.0, '$3', 50.0, '$2', 0.0, 50.0, '$6', 0.0, '$14', 50.0, 0.0, '$7', 50.0, '$3', 0.0, '$3', 50.0, 100.0, '$7', 50.0, '$2', 100.0, 50.0, 0.0, 50.0, '$16', 100.0, '$8', 50.0, '$5', 100.0, '$4', 50.0, '$2', 100.0, '$8', 50.0, '$15', 100.0, '$3', 50.0, 100.0, 200.0, 150.0, '$2', 100.0, 150.0, 200.0, 150.0, '$3', 100.0, 200.0, 150.0, 50.0, 0.0, 100.0, '$2', 150.0, '$2', 0.0, '$3', 50.0, 150.0, '$2', 200.0, 100.0, 50.0, '$3', 0.0, 100.0, 150.0, 50.0, 150.0, 100.0, '$2', 0.0, 50.0, '$2', 100.0, 150.0, 100.0, 50.0, '$2', 0.0, '$5', 50.0, 0.0, '$2', 50.0, '$2', 100.0, 150.0, '$7', 200.0, '$2', 150.0, '$2', 100.0, 150.0, '$88', 200.0]
[200.0, 150.0, 100.0, '$2', 200.0, 150.0, '$3', 50.0, '$3', 0.0, '$2', 50.0, '$4', 0.0, '$11', 50.0, 0.0, 150.0, '$2', 200.0, 100.0, '$7', 0.0, '$2', 50.0, 0.0, 50.0, '$6', 0.0, '$2', 50.0, '$3', 0.0, '$7', 50.0, '$2', 200.0, 50.0, '$5', 0.0, 50.0, 0.0, 100.0, 200.0, 150.0, '$4', 200.0, 150.0, '$3', 50.0, '$7', 0.0, 50.0, '$2', 150.0, '$7', 200.0, '$4', 50.0, '$2', 0.0, '$2', 50.0, '$3', 0.0, '$2', 50.0, '$2', 0.0, 50.0, '$4', 0.0, '$2', 50.0, '$2', 0.0, '$2', 50.0, '$3', 100.0, '$7', 50.0, 0.0, '$15', 50.0, '$2', 100.0, 0.0, '$2', 50.0, '$2', 100.0, '$3', 50.0, '$17', 100.0, '$10', 50.0, '$2', 100.0, '$2', 50.0, '$2', 100.0, 50.0, '$2', 100.0, '$10', 50.0, '$11', 100.0, '$4', 50.0, 100.0, '$3', 200.0, 100.0, 0.0, 150.0, '$4', 200.0, 150.0, '$2', 200.0, 100.0, 0.0, '$2', 100.0, 150.0, 100.0, 0.0, 100.0, 50.0, 100.0, '$2', 150.0, '$2', 100.0, 50.0, '$3', 0.0, '$2', 100.0, '$3', 50.0, '$2', 0.0, 100.0, 150.0, 100.0, 150.0, '$2', 100.0, 0.0, 50.0, 0.0, '$6', 50.0, 100.0, '$8', 150.0, '$4', 100.0, 150.0, '$90', 200.0]
['$6', 200.0, '$3', 50.0, '$2', 0.0, '$6', 50.0, 0.0, '$11', 50.0, 0.0, 100.0, '$2', 200.0, 150.0, 50.0, '$8', 0.0, 50.0, '$12', 0.0, '$7', 50.0, 150.0, 200.0, 150.0, 50.0, 0.0, 50.0, '$4', 0.0, 50.0, 200.0, 150.0, 200.0, 250.0, '$2', 200.0, 150.0, '$3', 50.0, '$6', 0.0, '$2', 50.0, '$3', 100.0, '$5', 200.0, 150.0, 100.0, '$2', 50.0, '$2', 0.0, '$2', 50.0, '$2', 100.0, '$3', 0.0, 50.0, '$6', 0.0, 50.0, 0.0, 50.0, 0.0, '$4', 50.0, '$2', 100.0, 50.0, '$2', 0.0, '$20', 50.0, 100.0, '$6', 50.0, 0.0, '$2', 50.0, '$17', 100.0, '$12', 50.0, '$4', 100.0, 50.0, 100.0, '$11', 50.0, '$11', 100.0, 50.0, 100.0, '$2', 50.0, '$2', 100.0, '$2', 150.0, 100.0, 50.0, '$3', 150.0, '$2', 200.0, 150.0, 100.0, 150.0, 100.0, 150.0, 200.0, 150.0, 200.0, '$4', 100.0, '$2', 200.0, 150.0, '$3', 100.0, '$2', 50.0, 0.0, '$3', 50.0, 0.0, 50.0, '$6', 0.0, 100.0, 150.0, 0.0, '$7', 50.0, 100.0, 50.0, 0.0, 50.0, '$4', 100.0, '$3', 150.0, '$94', 200.0]
['$3', 200.0, 150.0, '$2', 200.0, 100.0, '$2', 50.0, '$2', 0.0, '$7', 50.0, '$3', 0.0, '$9', 50.0, 100.0, '$3', 200.0, 100.0, '$6', 0.0, '$3', 50.0, '$10', 0.0, '$9', 50.0, 100.0, '$2', 200.0, 150.0, 50.0, '$3', 0.0, 50.0, 0.0, 50.0, 100.0, '$2', 150.0, '$4', 200.0, 50.0, '$2', 0.0, 50.0, '$6', 0.0, 50.0, '$3', 100.0, 200.0, 150.0, '$2', 200.0, 50.0, 200.0, 150.0, 0.0, '$5', 50.0, '$2', 150.0, '$10', 0.0, '$3', 50.0, '$2', 0.0, '$5', 50.0, '$2', 0.0, 50.0, 0.0, '$2', 50.0, 0.0, '$6', 50.0, 100.0, '$6', 50.0, 100.0, '$7', 50.0, '$3', 0.0, '$6', 50.0, '$13', 100.0, '$9', 50.0, '$2', 100.0, '$3', 50.0, '$2', 100.0, '$14', 50.0, '$4', 100.0, 50.0, '$6', 100.0, 50.0, 100.0, 50.0, 0.0, '$4', 50.0, 100.0, '$3', 150.0, '$2', 200.0, 150.0, '$2', 100.0, 150.0, '$4', 200.0, '$3', 150.0, '$2', 200.0, 250.0, '$2', 200.0, '$3', 100.0, 50.0, '$2', 0.0, '$2', 50.0, '$2', 0.0, 50.0, '$3', 0.0, 50.0, 100.0, 50.0, '$2', 0.0, '$3', 50.0, '$2', 0.0, '$3', 50.0, '$3', 100.0, '$101', 200.0]
[150.0, '$2', 200.0, 150.0, '$2', 200.0, 100.0, '$2', 50.0, '$2', 0.0, '$7', 50.0, '$4', 0.0, '$9', 50.0, '$4', 200.0, 50.0, '$6', 0.0, '$2', 50.0, '$8', 0.0, '$11', 50.0, '$2', 150.0, '$2', 200.0, 150.0, '$7', 0.0, 50.0, 150.0, 50.0, 150.0, 200.0, 150.0, 50.0, '$2', 0.0, '$3', 50.0, '$4', 0.0, '$3', 50.0, 150.0, 200.0, '$3', 150.0, 100.0, '$2', 200.0, '$2', 50.0, 100.0, 50.0, '$2', 0.0, 50.0, 100.0, '$10', 0.0, '$3', 50.0, '$2', 0.0, '$3', 50.0, '$4', 0.0, 50.0, '$6', 0.0, '$17', 50.0, '$4', 0.0, '$14', 50.0, '$8', 100.0, '$17', 50.0, 100.0, '$16', 50.0, '$6', 100.0, 50.0, 0.0, '$2', 50.0, 100.0, 150.0, '$2', 100.0, 150.0, 200.0, 150.0, '$2', 100.0, '$2', 50.0, '$2', 150.0, 200.0, 250.0, 200.0, '$2', 150.0, 200.0, 150.0, '$4', 200.0, 150.0, 100.0, 0.0, 50.0, 0.0, '$2', 50.0, 100.0, 150.0, '$2', 50.0, 150.0, 100.0, '$2', 50.0, 150.0, 200.0, 50.0, 100.0, 150.0, 100.0, '$2', 50.0, 0.0, 50.0, '$2', 0.0, 150.0, '$102', 200.0, '$2', 150.0]
[50.0, 100.0, 150.0, '$3', 200.0, 100.0, '$2', 50.0, '$2', 0.0, '$6', 50.0, 0.0, '$13', 50.0, 150.0, '$3', 200.0, 150.0, '$14', 0.0, '$12', 50.0, 100.0, '$5', 200.0, 100.0, 0.0, 50.0, '$4', 0.0, '$3', 50.0, 100.0, 150.0, 100.0, '$2', 50.0, '$3', 0.0, '$2', 50.0, '$3', 0.0, '$2', 50.0, 100.0, '$8', 200.0, 100.0, 50.0, '$2', 100.0, '$2', 50.0, 100.0, 50.0, '$10', 0.0, '$7', 50.0, '$3', 0.0, '$4', 50.0, 0.0, 50.0, '$3', 0.0, '$6', 50.0, '$2', 0.0, '$2', 50.0, 0.0, 50.0, 0.0, 50.0, '$5', 0.0, '$17', 50.0, '$4', 100.0, '$20', 50.0, 100.0, '$16', 50.0, '$5', 100.0, 150.0, 100.0, '$2', 50.0, 0.0, '$2', 150.0, 100.0, '$3', 200.0, '$2', 100.0, 150.0, 100.0, 150.0, 200.0, 100.0, 150.0, 200.0, '$2', 150.0, '$7', 200.0, 150.0, '$3', 50.0, 100.0, 150.0, 100.0, 50.0, '$4', 150.0, 100.0, 0.0, 50.0, '$3', 150.0, 50.0, 200.0, 150.0, 0.0, '$4', 50.0, 150.0, '$101', 200.0, '$4', 150.0]
[200.0, '$5', 150.0, 100.0, '$2', 50.0, 0.0, '$7', 50.0, '$5', 0.0, '$9', 50.0, 150.0, '$3', 200.0, 150.0, 50.0, '$12', 0.0, '$5', 50.0, 0.0, '$7', 50.0, 100.0, '$4', 200.0, 150.0, 200.0, 100.0, 0.0, 50.0, 0.0, '$5', 50.0, 150.0, 200.0, 100.0, '$3', 50.0, '$8', 0.0, 50.0, 100.0, '$7', 200.0, 100.0, '$3', 50.0, 150.0, 100.0, 50.0, 100.0, 50.0, '$11', 0.0, '$5', 50.0, 0.0, '$7', 50.0, 0.0, '$10', 50.0, '$9', 0.0, '$2', 50.0, 100.0, '$15', 50.0, 100.0, '$43', 50.0, '$10', 100.0, 50.0, 0.0, 150.0, '$2', 200.0, '$2', 150.0, 100.0, 150.0, '$3', 200.0, 150.0, 100.0, 50.0, 150.0, '$8', 200.0, 150.0, '$3', 100.0, 200.0, '$3', 100.0, '$2', 150.0, 200.0, '$4', 100.0, '$3', 150.0, 50.0, '$2', 150.0, '$2', 0.0, '$2', 50.0, 100.0, 150.0, '$98', 200.0, '$7', 150.0]
[150.0, '$3', 200.0, 150.0, '$4', 50.0, 0.0, '$11', 50.0, '$5', 0.0, '$5', 50.0, 150.0, '$4', 200.0, 150.0, '$12', 0.0, '$14', 50.0, 150.0, '$2', 200.0, 150.0, 100.0, '$2', 200.0, 100.0, 0.0, '$6', 50.0, 150.0, 200.0, 100.0, '$2', 50.0, '$9', 0.0, '$2', 50.0, '$2', 150.0, '$5', 200.0, 150.0, '$3', 50.0, '$2', 100.0, 50.0, 100.0, 50.0, '$8', 0.0, 50.0, '$2', 0.0, '$7', 50.0, 100.0, '$13', 50.0, 100.0, 50.0, 100.0, 50.0, '$4', 0.0, '$67', 50.0, '$6', 100.0, 150.0, 200.0, 150.0, 100.0, '$3', 150.0, 100.0, '$3', 50.0, 100.0, 200.0, 250.0, 200.0, '$3', 150.0, '$3', 100.0, 150.0, '$2', 200.0, 250.0, 200.0, '$2', 150.0, 200.0, '$2', 150.0, '$3', 200.0, 150.0, '$2', 100.0, '$2', 150.0, 100.0, '$2', 50.0, '$2', 100.0, 50.0, 100.0, '$2', 50.0, 0.0, 50.0, '$2', 150.0, '$2', 100.0, 50.0, 100.0, '$2', 150.0, '$93', 200.0, '$8', 150.0]
[50.0, 150.0, 200.0, 150.0, 100.0, '$4', 50.0, '$2', 0.0, '$20', 50.0, 100.0, 150.0, '$4', 200.0, 100.0, '$11', 0.0, '$13', 50.0, 100.0, 0.0, 50.0, 100.0, 50.0, 100.0, '$3', 150.0, '$7', 50.0, '$2', 100.0, '$5', 50.0, '$9', 0.0, 100.0, 150.0, '$5', 200.0, 150.0, '$2', 50.0, '$3', 100.0, 50.0, '$2', 100.0, '$8', 0.0, '$17', 50.0, '$2', 100.0, '$7', 50.0, 100.0, '$4', 50.0, '$3', 100.0, 50.0, 100.0, 50.0, 0.0, 50.0, '$2', 100.0, '$58', 50.0, '$7', 100.0, 150.0, 200.0, 150.0, 200.0, 100.0, 0.0, '$2', 100.0, '$2', 50.0, 100.0, '$4', 200.0, 150.0, '$2', 100.0, 50.0, 0.0, 50.0, 100.0, '$11', 200.0, 150.0, 50.0, 100.0, '$2', 150.0, 100.0, '$7', 0.0, 50.0, 100.0, 0.0, 100.0, 150.0, '$2', 200.0, '$2', 150.0, '$2', 100.0, 150.0, '$89', 200.0, '$11', 150.0]
[50.0, '$2', 100.0, 50.0, 0.0, '$3', 50.0, '$4', 0.0, '$18', 50.0, 0.0, 100.0, '$6', 200.0, 50.0, '$12', 0.0, '$11', 50.0, '$3', 100.0, '$2', 0.0, '$3', 50.0, 150.0, 100.0, 0.0, '$7', 50.0, 100.0, 50.0, 0.0, 50.0, '$10', 0.0, 50.0, 150.0, '$5', 200.0, 100.0, '$2', 50.0, '$3', 100.0, 50.0, '$2', 100.0, '$2', 0.0, '$2', 50.0, '$6', 0.0, '$8', 50.0, '$3', 0.0, '$4', 50.0, '$3', 100.0, 50.0, 0.0, 50.0, 100.0, 50.0, '$3', 0.0, 50.0, 100.0, '$4', 50.0, 0.0, 50.0, 0.0, 50.0, '$5', 100.0, '$56', 50.0, '$8', 100.0, '$2', 200.0, '$2', 100.0, 0.0, 50.0, '$3', 100.0, 50.0, 100.0, '$4', 200.0, '$2', 100.0, 50.0, '$2', 100.0, 150.0, '$12', 200.0, 100.0, 50.0, 200.0, 150.0, 0.0, 50.0, '$2', 100.0, '$4', 0.0, '$2', 150.0, '$3', 0.0, 150.0, '$45', 200.0, 150.0, '$11', 200.0, '$16', 150.0, '$21', 200.0, '$12', 150.0]
['$3', 50.0, 0.0, 50.0, '$3', 100.0, '$5', 0.0, '$17', 50.0, 0.0, 100.0, '$2', 200.0, 150.0, '$3', 200.0, 150.0, '$11', 0.0, '$13', 50.0, 150.0, 200.0, 150.0, 100.0, 0.0, 50.0, 0.0, 50.0, 100.0, '$11', 50.0, '$4', 0.0, 50.0, '$7', 0.0, 100.0, '$5', 200.0, '$2', 150.0, '$6', 100.0, 50.0, '$10', 0.0, '$10', 50.0, '$2', 0.0, '$3', 50.0, '$3', 100.0, '$2', 50.0, 0.0, '$3', 50.0, '$2', 0.0, '$5', 50.0, 0.0, 150.0, 100.0, 50.0, '$7', 100.0, '$53', 50.0, '$10', 100.0, '$3', 150.0, 100.0, 50.0, '$2', 0.0, '$3', 50.0, 100.0, 200.0, '$2', 250.0, 200.0, 100.0, '$2', 50.0, 100.0, '$2', 150.0, '$2', 200.0, 250.0, '$9', 200.0, 150.0, 50.0, 100.0, 150.0, '$2', 50.0, 150.0, 100.0, 0.0, '$2', 50.0, 100.0, 200.0, 150.0, 50.0, 200.0, '$2', 100.0, '$28', 200.0, '$12', 150.0, '$3', 200.0, '$4', 150.0, '$8', 200.0, '$9', 150.0, '$30', 200.0, '$12', 150.0]
['$3', 50.0, 0.0, '$5', 50.0, '$3', 0.0, '$3', 50.0, '$2', 100.0, '$3', 50.0, '$2', 100.0, '$8', 50.0, 0.0, 50.0, '$2', 150.0, 100.0, 150.0, '$2', 200.0, 150.0, 50.0, '$11', 0.0, '$12', 50.0, '$2', 100.0, '$2', 150.0, 50.0, 0.0, '$2', 100.0, '$2', 150.0, '$9', 50.0, 0.0, '$2', 50.0, 0.0, '$3', 50.0, '$6', 0.0, 100.0, '$6', 200.0, 150.0, '$6', 100.0, 50.0, '$9', 0.0, '$20', 50.0, '$2', 100.0, 150.0, 50.0, '$4', 0.0, '$2', 50.0, '$3', 100.0, 200.0, 150.0, '$9', 100.0, '$54', 50.0, '$10', 100.0, '$2', 150.0, 100.0, 50.0, 100.0, 0.0, '$2', 50.0, 150.0, '$3', 200.0, 150.0, 0.0, 100.0, '$2', 150.0, 100.0, '$5', 200.0, 250.0, '$7', 200.0, 150.0, 100.0, 150.0, 100.0, 50.0, 100.0, 150.0, 0.0, 100.0, '$2', 150.0, '$3', 200.0, 100.0, '$2', 200.0, 150.0, '$25', 200.0, '$20', 150.0, '$9', 200.0, '$11', 150.0, '$2', 200.0, '$2', 150.0, '$11', 200.0, '$5', 150.0, '$8', 200.0, '$11', 150.0, '$2', 100.0]
['$3', 50.0, '$4', 0.0, '$2', 50.0, '$2', 0.0, '$21', 50.0, 100.0, '$2', 150.0, '$3', 200.0, 150.0, 100.0, '$10', 0.0, 50.0, '$4', 0.0, '$6', 50.0, '$2', 100.0, 50.0, 0.0, 100.0, 150.0, 50.0, 100.0, 150.0, '$2', 100.0, 200.0, 100.0, '$7', 50.0, '$2', 0.0, 50.0, '$2', 0.0, '$2', 50.0, 0.0, '$2', 50.0, '$3', 0.0, 50.0, 0.0, 150.0, '$4', 200.0, '$3', 150.0, 100.0, '$2', 50.0, '$3', 100.0, '$8', 0.0, '$16', 50.0, 100.0, '$3', 50.0, 100.0, '$2', 150.0, 100.0, '$2', 0.0, 50.0, '$3', 0.0, 50.0, 100.0, '$3', 150.0, '$5', 100.0, '$3', 150.0, '$3', 100.0, '$55', 50.0, '$7', 100.0, '$3', 150.0, 50.0, '$2', 100.0, 50.0, '$2', 150.0, '$4', 200.0, '$2', 100.0, '$2', 150.0, '$3', 200.0, 250.0, '$3', 200.0, '$2', 250.0, '$5', 200.0, '$2', 150.0, 100.0, 150.0, '$2', 100.0, 200.0, 100.0, 150.0, 200.0, 150.0, '$4', 200.0, '$2', 150.0, '$27', 200.0, '$17', 150.0, '$11', 200.0, '$10', 150.0, '$6', 200.0, '$16', 150.0, '$7', 200.0, '$10', 150.0, 100.0, '$3', 50.0]
['$2', 50.0, '$2', 0.0, '$4', 50.0, '$4', 0.0, '$7', 50.0, '$2', 0.0, '$10', 50.0, 0.0, 100.0, '$3', 150.0, 200.0, '$3', 150.0, 50.0, '$6', 0.0, '$4', 50.0, '$2', 0.0, 50.0, '$2', 0.0, '$6', 50.0, 100.0, '$4', 50.0, 0.0, '$2', 150.0, 100.0, '$2', 200.0, 100.0, 0.0, '$7', 50.0, '$3', 0.0, '$3', 50.0, '$2', 0.0, 50.0, '$2', 0.0, 50.0, '$2', 0.0, 50.0, 150.0, '$3', 200.0, '$3', 150.0, 100.0, 50.0, '$4', 100.0, '$5', 0.0, '$2', 50.0, '$2', 0.0, '$14', 50.0, 0.0, '$4', 50.0, '$3', 100.0, '$3', 50.0, 100.0, 150.0, 100.0, '$3', 50.0, 100.0, '$2', 50.0, '$5', 100.0, '$3', 150.0, '$4', 100.0, '$13', 50.0, 100.0, '$43', 50.0, '$6', 100.0, '$6', 150.0, '$6', 200.0, '$2', 150.0, 100.0, '$4', 200.0, 250.0, '$8', 200.0, '$2', 150.0, 200.0, '$2', 100.0, 200.0, 150.0, 100.0, '$2', 200.0, 150.0, '$22', 200.0, '$2', 150.0, '$8', 200.0, '$18', 150.0, '$12', 200.0, '$6', 150.0, '$11', 200.0, '$16', 150.0, '$5', 200.0, '$9', 150.0, '$2', 100.0, '$3', 50.0, 100.0]
[50.0, 0.0, '$2', 50.0, 0.0, '$3', 50.0, '$2', 0.0, 50.0, '$3', 0.0, '$7', 50.0, '$2', 0.0, '$9', 50.0, 100.0, '$7', 150.0, 100.0, '$6', 0.0, '$5', 50.0, '$2', 0.0, '$2', 50.0, 0.0, '$8', 50.0, '$2', 0.0, '$2', 50.0, 0.0, 150.0, '$3', 200.0, 100.0, '$8', 50.0, '$5', 0.0, '$2', 50.0, '$2', 0.0, 50.0, '$2', 0.0, 50.0, 0.0, 150.0, 200.0, 150.0, 200.0, 150.0, '$4', 100.0, '$4', 50.0, '$5', 0.0, '$2', 50.0, 0.0, '$16', 50.0, 0.0, '$5', 50.0, '$2', 100.0, '$2', 50.0, '$2', 100.0, 150.0, 100.0, '$2', 0.0, '$2', 50.0, '$6', 100.0, '$4', 150.0, '$4', 100.0, '$9', 50.0, '$2', 100.0, 50.0, '$2', 100.0, '$18', 50.0, '$2', 0.0, '$23', 50.0, '$4', 100.0, '$2', 150.0, '$3', 200.0, 250.0, '$6', 200.0, 150.0, '$2', 200.0, 150.0, '$9', 200.0, '$2', 150.0, 200.0, '$2', 150.0, '$3', 200.0, 100.0, 200.0, 150.0, 100.0, 150.0, '$4', 100.0, 150.0, '$19', 200.0, '$2', 150.0, '$5', 200.0, 150.0, '$2', 200.0, '$10', 150.0, '$23', 200.0, 150.0, '$15', 200.0, '$28', 150.0, 100.0, 50.0, 0.0, '$3', 50.0]
['$2', 50.0, '$2', 100.0, 50.0, '$5', 0.0, '$4', 50.0, 0.0, '$16', 50.0, 0.0, '$5', 100.0, '$4', 150.0, 50.0, '$6', 0.0, '$5', 50.0, 0.0, '$7', 50.0, 100.0, 50.0, 100.0, 150.0, 50.0, '$2', 100.0, '$3', 0.0, 50.0, '$2', 150.0, 200.0, 100.0, '$5', 50.0, 0.0, 50.0, '$6', 0.0, 50.0, '$2', 0.0, '$4', 50.0, 0.0, 100.0, '$3', 150.0, '$5', 100.0, 50.0, 0.0, '$2', 50.0, '$5', 0.0, '$2', 50.0, 0.0, '$4', 50.0, 100.0, 50.0, 0.0, '$9', 50.0, '$2', 0.0, '$6', 50.0, 100.0, '$3', 50.0, 100.0, 150.0, 100.0, 0.0, '$2', 50.0, '$5', 100.0, '$6', 150.0, '$4', 100.0, '$4', 50.0, 100.0, '$3', 50.0, '$2', 100.0, 50.0, 100.0, '$19', 50.0, '$2', 0.0, '$22', 50.0, '$7', 100.0, 150.0, '$9', 200.0, '$2', 150.0, '$13', 200.0, '$2', 150.0, '$4', 200.0, 150.0, 50.0, 100.0, '$2', 150.0, '$2', 50.0, '$2', 150.0, 100.0, 150.0, '$18', 200.0, '$2', 150.0, '$5', 200.0, 150.0, '$3', 200.0, '$2', 150.0, '$2', 200.0, '$5', 150.0, '$39', 200.0, '$27', 150.0, '$3', 100.0, '$4', 50.0]
['$2', 50.0, '$2', 100.0, 0.0, 50.0, '$4', 0.0, '$8', 50.0, 100.0, '$12', 50.0, 0.0, 100.0, '$3', 150.0, '$4', 100.0, 150.0, 100.0, '$7', 0.0, '$5', 50.0, 0.0, '$9', 50.0, '$2', 150.0, '$8', 100.0, '$3', 150.0, '$4', 50.0, 0.0, '$2', 50.0, '$9', 0.0, '$5', 50.0, '$3', 150.0, 100.0, '$2', 150.0, '$2', 50.0, '$2', 0.0, '$2', 50.0, '$2', 0.0, '$2', 50.0, 0.0, 50.0, '$3', 0.0, '$3', 50.0, '$2', 0.0, '$11', 50.0, 0.0, 50.0, 0.0, '$8', 50.0, '$3', 100.0, '$2', 50.0, '$3', 100.0, '$2', 150.0, 100.0, 150.0, 100.0, '$6', 150.0, '$2', 100.0, '$8', 50.0, '$7', 100.0, '$15', 50.0, '$3', 0.0, '$21', 50.0, '$8', 100.0, 150.0, '$6', 200.0, 250.0, 200.0, 150.0, '$2', 200.0, '$2', 150.0, '$3', 200.0, '$2', 150.0, '$2', 200.0, 150.0, 100.0, 150.0, '$5', 200.0, '$2', 150.0, 200.0, '$2', 100.0, '$2', 200.0, 150.0, 0.0, 150.0, '$21', 200.0, '$2', 150.0, '$58', 200.0, '$27', 150.0, '$2', 100.0, '$2', 50.0, '$2', 0.0]
[50.0, 100.0, 150.0, 100.0, '$3', 50.0, '$2', 0.0, 50.0, '$2', 0.0, '$22', 50.0, '$2', 100.0, 50.0, '$4', 100.0, 150.0, 50.0, '$6', 0.0, '$14', 50.0, '$2', 100.0, '$2', 150.0, 50.0, '$4', 150.0, 100.0, '$11', 50.0, '$2', 0.0, 50.0, '$9', 0.0, 50.0, 0.0, 50.0, '$4', 150.0, 100.0, '$2', 50.0, 0.0, 50.0, 100.0, 50.0, '$9', 0.0, '$3', 50.0, '$2', 100.0, '$12', 50.0, '$2', 0.0, '$8', 50.0, '$2', 100.0, '$2', 50.0, 100.0, '$6', 150.0, '$2', 100.0, 150.0, 100.0, '$5', 150.0, '$2', 100.0, '$9', 50.0, '$5', 100.0, '$15', 50.0, 0.0, '$24', 50.0, '$4', 100.0, 150.0, 100.0, 150.0, '$4', 200.0, '$2', 150.0, 200.0, 150.0, 100.0, 50.0, 150.0, 200.0, '$2', 150.0, '$2', 200.0, '$3', 150.0, '$2', 200.0, '$2', 100.0, '$4', 200.0, '$3', 150.0, '$3', 200.0, 150.0, '$3', 200.0, 150.0, 100.0, '$21', 200.0, 150.0, '$58', 200.0, '$27', 150.0, '$2', 100.0, '$3', 50.0, '$2', 0.0]
[50.0, 100.0, 150.0, 100.0, '$3', 50.0, '$2', 0.0, '$3', 50.0, 0.0, '$7', 50.0, '$2', 0.0, '$12', 50.0, '$2', 0.0, 50.0, '$6', 100.0, '$4', 0.0, '$9', 50.0, 0.0, '$7', 50.0, 0.0, 50.0, 100.0, 0.0, 100.0, 200.0, 150.0, 200.0, 150.0, '$2', 0.0, 50.0, 0.0, '$4', 50.0, 0.0, '$2', 50.0, '$10', 0.0, 50.0, '$2', 0.0, 50.0, 0.0, '$3', 150.0, 100.0, '$9', 50.0, '$7', 0.0, '$3', 50.0, '$2', 150.0, 0.0, '$7', 50.0, '$2', 100.0, '$2', 50.0, 100.0, 50.0, 0.0, '$7', 50.0, '$6', 100.0, '$4', 150.0, '$3', 100.0, '$8', 150.0, '$5', 100.0, '$6', 50.0, '$3', 100.0, '$36', 50.0, 100.0, '$2', 50.0, 100.0, 50.0, '$4', 100.0, 150.0, '$4', 200.0, 150.0, 100.0, '$3', 200.0, 150.0, 100.0, 150.0, '$3', 200.0, 150.0, 200.0, '$3', 150.0, '$3', 200.0, '$2', 150.0, '$3', 200.0, '$2', 150.0, '$4', 200.0, 250.0, '$2', 150.0, '$25', 200.0, 150.0, '$59', 200.0, '$19', 150.0, 200.0, '$7', 150.0, '$2', 50.0, 100.0, 150.0, 50.0, 0.0]
[50.0, '$4', 100.0, '$2', 50.0, '$3', 0.0, '$13', 50.0, '$2', 0.0, '$8', 50.0, '$2', 0.0, '$3', 50.0, '$5', 100.0, 50.0, '$3', 0.0, '$18', 50.0, '$3', 0.0, 50.0, '$3', 150.0, '$2', 100.0, 50.0, 0.0, '$5', 50.0, 0.0, '$2', 50.0, '$10', 0.0, '$2', 50.0, 0.0, '$2', 50.0, 100.0, '$2', 150.0, '$9', 50.0, '$6', 0.0, '$5', 50.0, '$2', 100.0, '$2', 50.0, '$3', 0.0, '$4', 50.0, 100.0, '$2', 50.0, 100.0, 50.0, 0.0, '$2', 50.0, 100.0, '$3', 50.0, '$2', 100.0, 50.0, 100.0, 150.0, '$2', 100.0, '$4', 150.0, 100.0, 50.0, '$4', 100.0, '$6', 150.0, '$4', 100.0, '$6', 50.0, '$4', 100.0, '$35', 50.0, '$2', 100.0, '$3', 50.0, '$3', 100.0, '$2', 150.0, '$2', 200.0, '$2', 150.0, '$2', 50.0, '$3', 100.0, '$4', 150.0, '$2', 200.0, 150.0, '$20', 200.0, '$2', 150.0, '$23', 200.0, 150.0, '$60', 200.0, '$21', 150.0, 100.0, '$2', 150.0, '$3', 100.0, 50.0, 100.0, 150.0, 100.0, 50.0, 0.0]
[100.0, 50.0, '$3', 100.0, '$3', 50.0, '$2', 0.0, '$22', 50.0, '$2', 0.0, '$7', 50.0, '$3', 100.0, '$3', 0.0, '$21', 50.0, '$2', 0.0, 50.0, '$4', 100.0, '$6', 50.0, 0.0, '$2', 50.0, '$4', 0.0, 50.0, '$2', 0.0, 50.0, '$2', 0.0, '$3', 50.0, 0.0, 50.0, 0.0, '$2', 150.0, '$9', 50.0, '$8', 0.0, '$2', 50.0, 100.0, '$2', 50.0, 100.0, 50.0, '$3', 0.0, '$3', 50.0, 0.0, '$14', 50.0, 100.0, '$2', 150.0, '$2', 100.0, '$4', 150.0, 100.0, '$2', 50.0, '$3', 100.0, '$8', 150.0, 100.0, '$7', 50.0, '$4', 100.0, '$33', 50.0, '$5', 100.0, '$2', 50.0, '$2', 100.0, '$6', 150.0, 100.0, '$8', 50.0, 100.0, 150.0, '$23', 200.0, '$2', 150.0, '$22', 200.0, 150.0, '$60', 200.0, '$10', 150.0, 200.0, '$9', 150.0, 100.0, '$9', 50.0, '$3', 0.0]
['$5', 100.0, '$2', 50.0, '$2', 0.0, '$16', 50.0, 0.0, '$6', 50.0, 0.0, '$2', 50.0, 0.0, 50.0, '$6', 100.0, 150.0, 50.0, '$2', 0.0, 50.0, 0.0, '$15', 50.0, '$2', 0.0, '$2', 50.0, '$2', 100.0, '$3', 0.0, '$5', 50.0, '$2', 100.0, '$4', 0.0, '$2', 50.0, '$2', 0.0, '$5', 50.0, '$2', 0.0, '$2', 50.0, 0.0, '$2', 50.0, '$2', 100.0, '$2', 50.0, 0.0, '$4', 50.0, '$8', 0.0, '$9', 50.0, '$4', 0.0, '$7', 50.0, 0.0, '$7', 50.0, '$2', 100.0, '$6', 150.0, 100.0, '$2', 150.0, 100.0, '$2', 50.0, 0.0, '$2', 100.0, '$8', 150.0, '$2', 100.0, '$7', 50.0, 100.0, '$36', 50.0, '$8', 100.0, '$2', 150.0, 200.0, 150.0, '$7', 100.0, '$2', 50.0, 100.0, 50.0, '$3', 100.0, 150.0, '$4', 200.0, 250.0, '$17', 200.0, 150.0, '$21', 200.0, 150.0, '$61', 200.0, '$10', 150.0, '$6', 200.0, '$4', 150.0, '$3', 100.0, '$10', 50.0]
[100.0, '$2', 150.0, '$2', 100.0, '$3', 50.0, '$2', 0.0, '$14', 50.0, '$5', 0.0, '$3', 50.0, '$5', 0.0, 50.0, 100.0, 150.0, '$3', 100.0, 150.0, 50.0, '$2', 0.0, '$19', 50.0, 0.0, 50.0, '$3', 100.0, 50.0, '$3', 0.0, '$5', 50.0, '$5', 0.0, '$2', 50.0, 0.0, '$10', 50.0, 0.0, '$10', 50.0, '$4', 0.0, '$2', 50.0, '$3', 0.0, '$5', 50.0, 100.0, 50.0, '$9', 0.0, '$10', 50.0, 100.0, '$8', 150.0, 100.0, '$2', 150.0, 100.0, 50.0, '$3', 0.0, '$6', 100.0, '$3', 150.0, '$2', 100.0, '$45', 50.0, '$2', 100.0, '$2', 50.0, '$3', 100.0, '$2', 150.0, 200.0, 150.0, '$11', 100.0, '$2', 50.0, '$2', 100.0, 150.0, '$22', 200.0, 150.0, '$19', 200.0, 150.0, '$67', 200.0, '$2', 150.0, '$10', 200.0, '$5', 150.0, '$2', 100.0, 50.0, '$2', 100.0, '$2', 50.0, 0.0, 50.0, 100.0, 50.0]
['$3', 100.0, 50.0, '$2', 100.0, '$2', 50.0, '$2', 0.0, '$9', 50.0, '$7', 0.0, 50.0, '$3', 0.0, '$2', 50.0, '$3', 0.0, '$3', 50.0, '$2', 150.0, '$2', 100.0, '$4', 50.0, 0.0, '$21', 50.0, '$5', 100.0, 50.0, '$7', 0.0, 50.0, '$6', 0.0, '$10', 50.0, '$2', 0.0, '$9', 50.0, 0.0, '$2', 50.0, '$7', 0.0, '$3', 50.0, '$2', 100.0, 50.0, '$9', 0.0, '$8', 50.0, 100.0, '$5', 150.0, '$3', 100.0, '$6', 150.0, 100.0, '$4', 0.0, '$6', 50.0, 100.0, '$2', 150.0, 100.0, '$48', 50.0, '$4', 100.0, '$4', 150.0, '$11', 100.0, '$2', 50.0, '$2', 100.0, 150.0, '$23', 200.0, 150.0, '$17', 200.0, '$2', 150.0, '$82', 200.0, '$2', 150.0, 100.0, 50.0, 100.0, 150.0, 100.0, 50.0, 0.0, '$4', 100.0]
[50.0, 100.0, '$6', 50.0, 0.0, '$9', 50.0, '$12', 0.0, '$2', 50.0, '$3', 0.0, 50.0, 100.0, '$3', 50.0, '$2', 100.0, '$3', 50.0, '$2', 0.0, '$17', 50.0, '$2', 0.0, '$2', 50.0, '$6', 100.0, '$7', 0.0, '$3', 50.0, '$5', 0.0, '$6', 50.0, 0.0, 50.0, '$4', 0.0, '$13', 50.0, '$5', 0.0, '$3', 50.0, 100.0, 50.0, '$3', 0.0, '$2', 50.0, 0.0, '$2', 50.0, '$5', 0.0, '$3', 50.0, 100.0, '$2', 150.0, '$8', 100.0, '$4', 150.0, '$3', 100.0, '$5', 0.0, '$2', 50.0, '$2', 100.0, 50.0, '$4', 100.0, '$46', 50.0, '$4', 100.0, '$6', 150.0, 100.0, 150.0, '$10', 100.0, 50.0, '$3', 100.0, 200.0, '$2', 150.0, '$20', 200.0, '$2', 150.0, '$15', 200.0, 150.0, '$85', 200.0, 150.0, '$2', 100.0, '$3', 150.0, '$2', 50.0, 150.0, 200.0, '$2', 150.0]
[50.0, '$2', 100.0, '$2', 50.0, 100.0, '$2', 50.0, 0.0, '$8', 50.0, '$4', 0.0, 50.0, '$7', 0.0, '$3', 50.0, '$2', 0.0, 50.0, 100.0, '$4', 50.0, '$4', 100.0, 50.0, 0.0, '$17', 50.0, 100.0, 50.0, 0.0, '$9', 100.0, 50.0, '$14', 0.0, '$3', 50.0, '$2', 100.0, '$2', 50.0, '$6', 0.0, '$4', 50.0, '$6', 0.0, '$5', 50.0, 0.0, '$5', 50.0, '$2', 0.0, '$3', 50.0, 0.0, '$2', 50.0, '$6', 0.0, 50.0, 100.0, '$2', 150.0, '$8', 100.0, '$3', 150.0, '$5', 100.0, '$5', 0.0, '$4', 50.0, '$6', 100.0, '$44', 50.0, '$4', 100.0, '$3', 150.0, '$2', 200.0, '$2', 150.0, '$3', 100.0, '$2', 150.0, '$11', 100.0, '$2', 150.0, 50.0, 150.0, '$20', 200.0, '$2', 150.0, '$12', 200.0, '$2', 150.0, '$73', 200.0, 150.0, '$6', 200.0, '$6', 150.0, 100.0, 50.0, '$2', 150.0, 200.0, 150.0, 100.0, '$2', 150.0, 200.0, 150.0, 200.0]
[100.0, '$2', 150.0, 100.0, '$4', 50.0, 0.0, '$7', 50.0, '$3', 0.0, '$2', 50.0, 0.0, 50.0, '$6', 0.0, '$2', 50.0, '$3', 0.0, 50.0, 100.0, '$5', 50.0, '$3', 100.0, 50.0, '$4', 0.0, '$14', 50.0, '$3', 100.0, '$2', 150.0, '$8', 100.0, '$2', 50.0, 0.0, 50.0, '$13', 0.0, 50.0, 100.0, 50.0, '$5', 0.0, 50.0, 0.0, '$4', 50.0, '$5', 0.0, '$5', 50.0, '$2', 0.0, '$11', 50.0, '$4', 0.0, '$2', 50.0, 0.0, '$2', 100.0, 150.0, 100.0, '$3', 150.0, '$2', 100.0, '$5', 150.0, '$5', 100.0, '$2', 50.0, '$4', 0.0, 50.0, '$2', 0.0, '$2', 50.0, '$2', 100.0, 150.0, '$3', 100.0, '$43', 50.0, '$5', 100.0, '$5', 150.0, '$2', 100.0, 150.0, '$2', 100.0, '$4', 150.0, '$5', 100.0, 50.0, '$3', 100.0, '$2', 150.0, 100.0, '$9', 200.0, 150.0, '$13', 200.0, '$12', 150.0, '$80', 200.0, '$2', 150.0, '$2', 100.0, '$2', 50.0, '$4', 100.0, '$2', 150.0, 100.0, '$2', 150.0, 200.0, 150.0, '$3', 200.0]
[100.0, '$3', 150.0, '$2', 100.0, 150.0, 100.0, 0.0, '$6', 50.0, '$3', 0.0, '$3', 50.0, '$7', 0.0, '$3', 50.0, '$3', 0.0, '$4', 50.0, 100.0, '$2', 50.0, '$3', 100.0, 50.0, '$4', 0.0, '$14', 50.0, 100.0, 150.0, '$4', 100.0, 50.0, '$8', 100.0, '$2', 50.0, '$9', 0.0, 50.0, '$4', 0.0, '$2', 100.0, 50.0, '$2', 0.0, 50.0, '$2', 0.0, 50.0, 0.0, '$3', 50.0, 0.0, '$8', 50.0, '$3', 0.0, 50.0, '$2', 0.0, '$7', 50.0, '$2', 0.0, 50.0, '$2', 0.0, '$2', 50.0, 100.0, '$14', 150.0, '$6', 100.0, 50.0, 0.0, '$3', 50.0, 100.0, 50.0, 0.0, '$2', 50.0, '$5', 100.0, '$44', 50.0, '$4', 100.0, '$5', 150.0, 100.0, 50.0, '$2', 100.0, '$8', 150.0, '$3', 100.0, 50.0, '$3', 100.0, '$3', 150.0, '$4', 200.0, 150.0, '$3', 200.0, '$5', 150.0, '$34', 200.0, 150.0, '$60', 200.0, '$5', 150.0, '$2', 200.0, '$3', 150.0, 100.0, '$2', 50.0, '$2', 100.0, '$2', 50.0, '$2', 100.0, '$2', 50.0, '$6', 150.0]
[100.0, '$5', 150.0, 200.0, 150.0, 0.0, '$5', 50.0, '$4', 0.0, '$3', 50.0, '$7', 0.0, '$4', 50.0, '$2', 0.0, '$5', 50.0, '$4', 100.0, 50.0, '$6', 0.0, '$11', 50.0, 100.0, 50.0, 100.0, 150.0, '$5', 100.0, '$3', 150.0, '$6', 100.0, 50.0, '$8', 0.0, '$2', 50.0, '$4', 0.0, '$2', 100.0, '$2', 50.0, '$3', 0.0, '$4', 50.0, '$3', 0.0, '$6', 50.0, '$2', 0.0, 50.0, '$2', 0.0, 50.0, '$2', 0.0, '$6', 50.0, '$2', 0.0, '$2', 50.0, '$2', 0.0, 50.0, 100.0, '$13', 150.0, '$8', 100.0, '$4', 50.0, '$3', 100.0, 50.0, 0.0, '$3', 50.0, '$3', 100.0, '$44', 50.0, '$4', 100.0, '$4', 150.0, 100.0, '$2', 50.0, '$10', 150.0, '$4', 100.0, 50.0, '$2', 100.0, 150.0, '$5', 200.0, '$4', 150.0, '$2', 100.0, 150.0, 200.0, 100.0, '$2', 150.0, '$32', 200.0, '$2', 150.0, '$49', 200.0, 150.0, '$9', 200.0, '$2', 150.0, 50.0, '$3', 100.0, '$6', 150.0, 100.0, 150.0, '$2', 100.0, '$2', 50.0, 100.0, 50.0, '$2', 100.0, 150.0, '$5', 100.0]
[100.0, '$7', 150.0, '$7', 50.0, '$12', 0.0, '$6', 50.0, '$3', 0.0, '$8', 50.0, '$8', 0.0, '$8', 50.0, '$2', 100.0, 50.0, '$5', 100.0, '$5', 150.0, '$2', 100.0, 150.0, '$2', 100.0, 50.0, 0.0, '$2', 50.0, '$6', 0.0, '$2', 50.0, 0.0, 50.0, '$2', 0.0, 50.0, 100.0, '$4', 50.0, 0.0, '$2', 50.0, 0.0, '$2', 50.0, '$5', 0.0, '$2', 50.0, '$6', 0.0, 50.0, '$2', 0.0, '$9', 50.0, '$2', 0.0, 50.0, '$12', 150.0, '$11', 100.0, '$2', 50.0, '$7', 100.0, '$4', 50.0, '$2', 100.0, '$16', 50.0, '$2', 0.0, '$27', 50.0, '$3', 100.0, 150.0, '$3', 100.0, 50.0, 0.0, 50.0, '$7', 150.0, '$2', 100.0, '$3', 150.0, '$5', 100.0, 150.0, '$6', 200.0, '$2', 150.0, '$4', 100.0, 150.0, 100.0, 150.0, '$29', 200.0, 150.0, '$54', 200.0, 150.0, '$7', 200.0, '$3', 150.0, 100.0, '$3', 50.0, '$3', 100.0, '$3', 150.0, '$5', 100.0, '$5', 50.0, '$3', 100.0, '$2', 50.0, '$2', 100.0]
['$6', 100.0, '$2', 150.0, '$5', 50.0, 0.0, '$2', 50.0, '$6', 0.0, '$11', 50.0, '$2', 0.0, '$8', 50.0, 0.0, '$2', 50.0, '$8', 0.0, '$5', 50.0, 100.0, '$3', 50.0, '$4', 100.0, '$3', 150.0, 100.0, '$2', 150.0, '$5', 100.0, 50.0, '$2', 100.0, 50.0, '$4', 0.0, '$2', 50.0, '$5', 0.0, '$2', 50.0, '$3', 100.0, 50.0, '$2', 0.0, 50.0, 0.0, '$3', 50.0, '$3', 0.0, 50.0, 0.0, '$2', 50.0, '$7', 0.0, 50.0, 0.0, '$5', 50.0, 0.0, '$2', 50.0, 0.0, 50.0, 100.0, '$8', 150.0, '$9', 100.0, '$9', 50.0, '$10', 100.0, '$3', 150.0, 100.0, '$14', 50.0, '$4', 0.0, '$21', 50.0, 100.0, '$5', 50.0, '$6', 100.0, '$2', 0.0, 50.0, 100.0, '$5', 150.0, 100.0, '$2', 150.0, 100.0, '$3', 150.0, '$5', 100.0, '$3', 150.0, '$4', 200.0, 150.0, '$4', 100.0, 50.0, 100.0, '$13', 200.0, '$4', 150.0, '$8', 200.0, '$2', 150.0, '$2', 200.0, '$6', 150.0, '$7', 200.0, 150.0, 100.0, 150.0, '$46', 200.0, 150.0, '$2', 100.0, 50.0, 100.0, 50.0, 100.0, '$3', 50.0, '$4', 100.0, '$9', 50.0, 0.0, '$8', 50.0]
['$2', 50.0, '$2', 100.0, 150.0, '$3', 100.0, 50.0, 0.0, '$2', 50.0, '$3', 0.0, '$2', 50.0, 0.0, '$15', 50.0, 0.0, '$8', 50.0, '$2', 0.0, 50.0, 0.0, '$6', 50.0, 0.0, '$6', 50.0, 100.0, '$2', 50.0, '$9', 100.0, 150.0, '$4', 100.0, '$2', 150.0, '$3', 100.0, '$6', 0.0, 50.0, '$5', 0.0, '$2', 50.0, '$4', 100.0, '$5', 50.0, 0.0, '$3', 50.0, '$4', 0.0, '$4', 50.0, 0.0, '$3', 50.0, 0.0, '$3', 50.0, 0.0, '$3', 50.0, 0.0, 50.0, 100.0, '$6', 150.0, 100.0, '$2', 150.0, '$9', 100.0, '$10', 50.0, '$10', 100.0, '$3', 150.0, 100.0, '$14', 50.0, '$4', 0.0, '$20', 50.0, '$2', 100.0, '$4', 50.0, '$2', 100.0, '$2', 150.0, '$3', 100.0, 50.0, 0.0, 50.0, 100.0, '$5', 150.0, '$3', 100.0, '$5', 150.0, '$6', 100.0, '$3', 150.0, '$2', 200.0, '$4', 150.0, 200.0, '$2', 150.0, '$12', 200.0, 150.0, '$2', 100.0, '$2', 150.0, '$3', 200.0, '$7', 150.0, '$3', 200.0, 150.0, '$2', 100.0, 150.0, '$4', 100.0, '$2', 150.0, '$2', 100.0, 150.0, 100.0, 150.0, '$2', 200.0, '$2', 150.0, '$42', 200.0, 150.0, '$7', 50.0, 0.0, 50.0, 100.0, 50.0, 0.0, '$4', 50.0, '$2', 0.0, '$13', 50.0]
['$2', 50.0, 0.0, 50.0, 100.0, '$2', 150.0, '$2', 100.0, '$4', 50.0, 0.0, '$16', 50.0, 0.0, '$2', 50.0, 0.0, 50.0, '$3', 100.0, 50.0, 0.0, '$2', 50.0, '$4', 0.0, '$13', 50.0, 100.0, '$2', 50.0, '$2', 100.0, 50.0, '$3', 100.0, 50.0, '$5', 100.0, '$6', 150.0, '$2', 100.0, '$13', 0.0, 100.0, 150.0, '$2', 100.0, '$3', 50.0, '$2', 0.0, '$7', 50.0, '$2', 0.0, '$3', 50.0, '$3', 0.0, '$10', 50.0, '$4', 150.0, '$8', 100.0, '$18', 50.0, '$8', 100.0, '$5', 150.0, '$2', 100.0, '$12', 50.0, '$6', 0.0, '$17', 50.0, 100.0, '$2', 50.0, 100.0, '$3', 50.0, '$3', 100.0, '$2', 150.0, '$2', 100.0, 150.0, '$2', 50.0, 100.0, '$7', 150.0, '$3', 100.0, '$4', 150.0, '$5', 100.0, '$2', 150.0, 100.0, '$4', 150.0, '$2', 200.0, 150.0, '$2', 200.0, '$2', 150.0, 100.0, 150.0, '$9', 200.0, '$2', 150.0, 100.0, 50.0, '$9', 150.0, 200.0, '$2', 150.0, '$2', 200.0, 150.0, '$4', 100.0, '$2', 50.0, 100.0, 150.0, 100.0, 50.0, '$4', 100.0, 150.0, 200.0, '$2', 150.0, '$42', 200.0, 150.0, '$2', 100.0, '$9', 50.0, 100.0, 150.0, 100.0, 50.0, 0.0, '$4', 50.0, '$2', 100.0, 50.0, 0.0, 50.0, '$3', 100.0, 50.0, '$2', 100.0]
['$2', 50.0, '$3', 0.0, 50.0, '$3', 100.0, '$15', 50.0, '$2', 0.0, 50.0, '$3', 0.0, '$2', 50.0, '$3', 0.0, '$2', 100.0, '$5', 50.0, '$5', 0.0, '$9', 50.0, '$3', 0.0, '$3', 50.0, '$2', 100.0, '$2', 50.0, '$8', 100.0, '$2', 150.0, 100.0, '$2', 150.0, '$3', 100.0, 50.0, '$10', 0.0, '$2', 50.0, 100.0, 150.0, 100.0, 50.0, 100.0, 50.0, '$3', 0.0, '$2', 50.0, '$3', 0.0, '$2', 50.0, '$2', 0.0, '$2', 50.0, '$4', 0.0, '$7', 50.0, 0.0, '$2', 100.0, 150.0, '$11', 100.0, '$18', 50.0, '$5', 100.0, '$9', 150.0, 100.0, '$14', 50.0, '$4', 0.0, '$17', 50.0, '$2', 100.0, '$6', 50.0, '$3', 100.0, 150.0, '$2', 100.0, '$2', 150.0, 50.0, '$2', 100.0, '$2', 150.0, '$2', 100.0, '$3', 150.0, '$3', 100.0, '$3', 150.0, '$6', 100.0, 150.0, 50.0, '$3', 100.0, 50.0, 100.0, 150.0, 100.0, '$2', 150.0, '$3', 100.0, 150.0, '$2', 200.0, 150.0, '$7', 200.0, 150.0, 100.0, 50.0, 100.0, '$2', 150.0, '$2', 100.0, 150.0, '$2', 100.0, '$3', 150.0, 100.0, '$3', 150.0, 100.0, '$2', 150.0, 100.0, '$2', 50.0, '$4', 100.0, 50.0, 100.0, '$2', 150.0, '$46', 200.0, '$6', 150.0, 100.0, '$2', 150.0, '$4', 100.0, '$2', 150.0, '$3', 100.0, 150.0, '$2', 100.0, '$3', 150.0, '$2', 100.0, '$3', 150.0, '$3', 100.0]
['$4', 50.0, '$3', 0.0, '$14', 50.0, '$4', 0.0, '$2', 50.0, '$3', 0.0, '$2', 50.0, '$3', 0.0, 50.0, 100.0, '$3', 50.0, 0.0, 50.0, '$5', 0.0, '$11', 50.0, '$3', 0.0, 50.0, 150.0, '$2', 100.0, 50.0, '$9', 100.0, '$5', 150.0, '$3', 100.0, '$10', 0.0, '$2', 50.0, 100.0, 150.0, 100.0, '$5', 50.0, '$4', 0.0, 50.0, '$5', 0.0, 50.0, '$6', 0.0, '$6', 50.0, 100.0, 150.0, '$9', 100.0, '$2', 50.0, 100.0, '$4', 50.0, 0.0, '$7', 50.0, '$3', 0.0, '$3', 50.0, 0.0, 50.0, '$4', 100.0, '$4', 150.0, 100.0, '$4', 150.0, '$2', 100.0, '$10', 50.0, 0.0, '$2', 50.0, '$6', 0.0, '$12', 50.0, '$2', 100.0, 50.0, '$3', 100.0, '$5', 50.0, '$4', 100.0, '$2', 50.0, 100.0, '$2', 150.0, '$2', 100.0, '$4', 150.0, '$2', 100.0, '$2', 150.0, '$2', 100.0, '$4', 150.0, '$4', 100.0, 50.0, '$2', 150.0, 200.0, 150.0, '$3', 100.0, '$3', 150.0, '$2', 100.0, 150.0, 100.0, '$2', 150.0, '$3', 100.0, 150.0, '$4', 200.0, '$2', 150.0, 100.0, 50.0, '$6', 150.0, 100.0, '$6', 150.0, '$2', 100.0, 50.0, '$2', 150.0, 100.0, '$5', 50.0, '$3', 100.0, 150.0, 200.0, 150.0, '$48', 200.0, '$12', 150.0, 100.0, '$11', 150.0, 200.0, '$3', 150.0, 100.0]
['$2', 50.0, '$4', 0.0, '$2', 50.0, '$2', 0.0, '$11', 50.0, '$5', 0.0, 50.0, '$5', 0.0, '$2', 50.0, 0.0, '$3', 50.0, 0.0, '$3', 50.0, '$4', 0.0, '$7', 50.0, 0.0, '$8', 50.0, '$2', 100.0, '$5', 50.0, '$7', 100.0, 150.0, 100.0, '$2', 150.0, '$3', 100.0, 50.0, '$11', 0.0, 50.0, '$2', 150.0, 100.0, '$2', 50.0, 100.0, '$4', 50.0, 0.0, '$3', 50.0, '$4', 0.0, 50.0, '$6', 0.0, '$4', 50.0, 100.0, 150.0, '$7', 100.0, '$10', 50.0, 0.0, '$7', 50.0, '$3', 0.0, '$3', 50.0, 0.0, 50.0, '$5', 100.0, '$8', 150.0, '$2', 100.0, '$10', 50.0, 0.0, '$2', 50.0, '$6', 0.0, '$12', 50.0, '$2', 100.0, 50.0, '$4', 100.0, '$3', 50.0, '$3', 100.0, '$2', 50.0, '$4', 100.0, '$4', 150.0, 100.0, '$3', 150.0, '$2', 100.0, '$2', 150.0, '$2', 100.0, '$3', 150.0, '$4', 100.0, 50.0, 100.0, '$2', 200.0, '$3', 150.0, 200.0, '$5', 150.0, '$7', 100.0, '$2', 150.0, '$5', 200.0, 150.0, '$4', 100.0, '$2', 150.0, 100.0, '$2', 150.0, '$2', 200.0, '$5', 150.0, 100.0, 150.0, '$10', 100.0, 150.0, '$50', 200.0, '$3', 150.0, '$7', 200.0, '$8', 150.0, 200.0, '$6', 150.0, '$3', 200.0, 150.0]
[0.0, '$2', 50.0, 0.0, '$4', 50.0, 0.0, '$11', 50.0, '$12', 0.0, '$2', 50.0, '$2', 0.0, 50.0, '$3', 0.0, '$2', 50.0, '$4', 0.0, '$6', 50.0, '$3', 0.0, '$8', 50.0, '$2', 100.0, '$2', 50.0, '$2', 100.0, '$2', 50.0, '$2', 100.0, 150.0, '$3', 100.0, 150.0, 100.0, 150.0, '$3', 100.0, 50.0, '$9', 0.0, 50.0, 0.0, 50.0, '$2', 150.0, 100.0, '$7', 50.0, '$2', 0.0, '$4', 50.0, '$3', 0.0, 50.0, 0.0, '$7', 50.0, 100.0, 150.0, '$4', 100.0, '$2', 50.0, 100.0, '$7', 50.0, '$5', 0.0, 50.0, 0.0, '$3', 50.0, '$6', 0.0, 50.0, '$2', 0.0, '$2', 50.0, '$4', 100.0, '$3', 150.0, 100.0, '$4', 150.0, '$3', 100.0, '$9', 50.0, '$4', 0.0, '$3', 50.0, '$2', 0.0, '$12', 50.0, '$7', 100.0, '$2', 50.0, '$2', 100.0, 150.0, '$2', 100.0, 50.0, '$6', 150.0, 200.0, '$6', 150.0, '$2', 100.0, '$2', 150.0, '$2', 100.0, '$3', 150.0, '$3', 100.0, '$2', 50.0, 100.0, '$2', 150.0, '$3', 200.0, 150.0, '$2', 100.0, '$2', 150.0, 100.0, '$2', 150.0, '$3', 100.0, '$2', 150.0, '$7', 200.0, 150.0, '$7', 100.0, '$4', 150.0, '$7', 100.0, 50.0, '$3', 100.0, '$8', 150.0, '$13', 200.0, '$4', 150.0, '$7', 200.0, 150.0, '$3', 200.0, 150.0, '$2', 200.0, '$3', 150.0, '$14', 200.0, '$3', 150.0, '$4', 200.0, '$2', 150.0, '$4', 200.0, '$5', 150.0, '$2', 200.0, '$9', 150.0]
[0.0, '$2', 50.0, 0.0, '$2', 50.0, '$4', 0.0, '$8', 50.0, '$13', 0.0, '$3', 50.0, '$4', 0.0, '$4', 50.0, '$4', 0.0, '$15', 50.0, '$4', 100.0, '$2', 50.0, '$2', 100.0, '$2', 50.0, 100.0, '$3', 150.0, '$2', 100.0, 150.0, '$2', 100.0, 150.0, '$2', 100.0, 50.0, '$6', 0.0, '$2', 50.0, '$2', 0.0, 50.0, 0.0, 50.0, 100.0, '$6', 50.0, '$3', 0.0, '$3', 50.0, '$6', 0.0, '$7', 50.0, 100.0, '$3', 150.0, '$3', 100.0, '$10', 50.0, '$7', 0.0, '$3', 50.0, '$9', 0.0, '$2', 50.0, '$4', 100.0, '$3', 150.0, 100.0, '$4', 150.0, '$2', 100.0, 50.0, 100.0, '$7', 50.0, '$5', 0.0, '$3', 50.0, '$2', 0.0, '$12', 50.0, '$4', 100.0, '$2', 50.0, '$3', 100.0, '$4', 150.0, '$2', 100.0, '$10', 150.0, 100.0, '$3', 150.0, '$2', 100.0, '$2', 150.0, 100.0, '$3', 150.0, '$5', 100.0, 50.0, 100.0, '$2', 150.0, '$2', 200.0, '$7', 100.0, '$2', 150.0, 100.0, 150.0, 200.0, 100.0, 150.0, '$6', 200.0, 150.0, '$4', 100.0, 50.0, '$8', 100.0, '$3', 50.0, 100.0, '$3', 50.0, 100.0, 150.0, '$2', 200.0, 150.0, 200.0, 150.0, '$3', 100.0, '$12', 200.0, '$6', 150.0, '$5', 200.0, '$4', 150.0, '$2', 100.0, '$2', 150.0, 100.0, '$4', 150.0, '$21', 200.0, '$4', 150.0, '$2', 200.0, '$12', 150.0, '$2', 100.0]
[50.0, 0.0, 50.0, '$7', 0.0, '$8', 50.0, '$14', 0.0, '$2', 50.0, '$4', 0.0, '$2', 50.0, 100.0, 50.0, '$4', 0.0, '$17', 50.0, '$2', 100.0, '$5', 50.0, '$7', 100.0, 150.0, '$6', 100.0, 0.0, 50.0, '$11', 0.0, '$3', 50.0, 100.0, '$4', 50.0, 0.0, '$3', 50.0, '$3', 0.0, '$2', 50.0, '$2', 0.0, 50.0, '$3', 0.0, 50.0, 0.0, 100.0, 150.0, '$4', 100.0, '$7', 50.0, '$3', 0.0, '$2', 50.0, '$9', 0.0, 50.0, '$9', 0.0, '$2', 50.0, '$4', 100.0, '$9', 150.0, '$2', 100.0, '$7', 50.0, '$6', 0.0, '$3', 50.0, '$2', 0.0, '$12', 50.0, '$4', 100.0, 50.0, '$4', 100.0, '$7', 150.0, 100.0, '$13', 150.0, '$2', 100.0, '$5', 150.0, '$3', 100.0, 50.0, '$3', 100.0, 150.0, 200.0, '$2', 150.0, 100.0, 50.0, '$3', 100.0, '$5', 150.0, '$2', 200.0, 100.0, 150.0, '$6', 200.0, 150.0, 100.0, '$2', 50.0, '$6', 100.0, 50.0, 100.0, 50.0, 150.0, '$3', 100.0, '$4', 50.0, 100.0, '$2', 150.0, '$2', 100.0, 150.0, 100.0, '$2', 50.0, 100.0, 150.0, 200.0, '$12', 150.0, '$8', 200.0, 150.0, '$11', 100.0, '$2', 150.0, '$3', 200.0, 150.0, '$15', 200.0, 150.0, '$4', 200.0, '$2', 150.0, '$4', 100.0, 150.0, '$3', 100.0, 50.0, '$4', 100.0, '$2', 50.0]
[50.0, 0.0, '$2', 50.0, 0.0, 50.0, '$5', 0.0, '$8', 50.0, '$10', 0.0, '$6', 50.0, '$2', 0.0, 50.0, 100.0, '$2', 50.0, '$5', 0.0, '$19', 50.0, 100.0, '$4', 50.0, '$14', 100.0, 50.0, '$13', 0.0, '$6', 50.0, '$3', 0.0, '$2', 50.0, '$4', 0.0, '$3', 50.0, '$2', 0.0, '$2', 50.0, 0.0, 100.0, '$2', 150.0, '$4', 100.0, '$6', 50.0, '$4', 0.0, 50.0, '$19', 0.0, '$3', 50.0, '$4', 100.0, '$9', 150.0, '$3', 100.0, '$6', 50.0, '$6', 0.0, '$3', 50.0, 0.0, '$13', 50.0, '$9', 100.0, '$7', 150.0, '$2', 100.0, '$13', 150.0, '$2', 100.0, '$5', 150.0, '$2', 100.0, '$2', 50.0, '$2', 100.0, '$2', 150.0, '$6', 100.0, '$2', 150.0, '$2', 200.0, '$3', 150.0, '$2', 100.0, '$6', 200.0, '$2', 150.0, '$2', 100.0, '$2', 50.0, '$2', 100.0, '$2', 50.0, 100.0, '$4', 50.0, '$3', 100.0, '$5', 50.0, '$2', 100.0, 50.0, 100.0, 150.0, 100.0, '$3', 50.0, 100.0, '$2', 150.0, 200.0, '$7', 150.0, '$8', 200.0, '$4', 150.0, '$7', 100.0, '$4', 50.0, 100.0, '$2', 150.0, '$23', 200.0, '$3', 150.0, '$3', 100.0, '$2', 150.0, '$2', 100.0, 50.0, '$2', 100.0, '$4', 50.0]
[50.0, 0.0, '$2', 50.0, '$7', 0.0, '$5', 50.0, '$5', 0.0, '$2', 50.0, '$5', 0.0, '$7', 50.0, 0.0, '$3', 50.0, 100.0, 50.0, '$5', 0.0, '$18', 50.0, '$2', 100.0, '$3', 50.0, '$2', 100.0, 50.0, '$2', 100.0, '$2', 50.0, '$2', 100.0, 150.0, 100.0, 50.0, 100.0, '$2', 50.0, '$14', 0.0, '$2', 50.0, 100.0, '$3', 50.0, 0.0, '$2', 50.0, 0.0, '$2', 50.0, '$2', 0.0, 50.0, 0.0, '$2', 50.0, '$3', 0.0, 50.0, 100.0, '$2', 150.0, '$3', 100.0, '$5', 50.0, '$6', 0.0, '$2', 50.0, '$15', 0.0, 50.0, 0.0, 50.0, 0.0, '$3', 50.0, '$4', 100.0, '$6', 150.0, 100.0, 150.0, '$4', 100.0, '$7', 50.0, '$2', 0.0, 50.0, '$5', 0.0, '$14', 50.0, '$2', 100.0, 50.0, '$6', 100.0, '$6', 150.0, '$4', 100.0, '$13', 150.0, 100.0, '$7', 150.0, 100.0, '$2', 50.0, '$11', 100.0, 150.0, 200.0, '$2', 150.0, 100.0, 50.0, 100.0, '$3', 150.0, '$2', 200.0, 150.0, '$4', 100.0, '$2', 50.0, 100.0, '$2', 150.0, '$2', 100.0, 50.0, '$6', 100.0, '$8', 50.0, '$3', 100.0, '$4', 50.0, 100.0, '$2', 150.0, '$3', 200.0, 150.0, '$6', 200.0, '$6', 150.0, '$7', 100.0, '$6', 50.0, '$2', 100.0, '$3', 150.0, '$21', 200.0, 150.0, 200.0, '$4', 150.0, 100.0, '$3', 150.0, 100.0, '$2', 150.0, 100.0, '$4', 50.0]
[50.0, '$2', 0.0, '$2', 50.0, '$5', 0.0, '$3', 50.0, 0.0, '$2', 50.0, '$6', 0.0, 50.0, '$3', 0.0, '$8', 50.0, '$3', 0.0, '$4', 50.0, '$5', 0.0, '$23', 50.0, 100.0, '$2', 50.0, '$4', 100.0, '$2', 50.0, '$2', 100.0, 50.0, 100.0, '$3', 50.0, '$14', 0.0, '$3', 50.0, 100.0, 50.0, 0.0, '$3', 50.0, '$6', 0.0, '$2', 50.0, 0.0, 50.0, 0.0, 100.0, 150.0, '$4', 100.0, '$5', 50.0, '$22', 0.0, 50.0, 0.0, 50.0, 0.0, '$6', 50.0, '$3', 100.0, '$6', 150.0, '$5', 100.0, '$7', 50.0, '$9', 0.0, '$12', 50.0, 100.0, 50.0, 100.0, '$2', 50.0, '$6', 100.0, '$6', 150.0, 100.0, '$2', 50.0, '$3', 100.0, '$19', 150.0, 100.0, '$3', 50.0, '$12', 100.0, 150.0, '$2', 100.0, 50.0, '$4', 100.0, '$2', 150.0, '$2', 100.0, 150.0, 100.0, 50.0, 100.0, 50.0, '$4', 150.0, 100.0, '$4', 150.0, '$3', 100.0, '$3', 50.0, 0.0, '$11', 50.0, '$4', 100.0, 150.0, '$8', 200.0, 150.0, '$12', 100.0, '$3', 50.0, '$2', 100.0, 50.0, '$2', 100.0, '$4', 150.0, '$20', 200.0, 150.0, 200.0, '$4', 150.0, '$2', 100.0, '$5', 150.0, '$5', 100.0]
['$3', 50.0, 0.0, '$3', 50.0, '$3', 0.0, '$7', 50.0, '$6', 0.0, '$2', 50.0, '$2', 0.0, '$8', 50.0, '$2', 0.0, '$3', 50.0, '$6', 0.0, '$24', 50.0, '$3', 100.0, '$2', 50.0, '$2', 100.0, '$4', 50.0, 100.0, '$3', 50.0, '$14', 0.0, 50.0, 0.0, 50.0, '$2', 100.0, '$2', 50.0, '$6', 0.0, 50.0, '$2', 0.0, '$2', 50.0, 0.0, 50.0, 150.0, '$3', 100.0, '$7', 50.0, '$22', 0.0, '$2', 50.0, 0.0, '$4', 50.0, '$6', 100.0, '$5', 150.0, '$5', 100.0, '$3', 50.0, 100.0, '$4', 50.0, '$10', 0.0, '$6', 50.0, '$2', 100.0, '$9', 50.0, '$4', 100.0, '$7', 150.0, '$5', 50.0, '$3', 100.0, '$17', 150.0, 100.0, '$3', 50.0, '$8', 100.0, '$3', 50.0, '$6', 100.0, '$3', 50.0, 100.0, 150.0, '$4', 100.0, '$3', 50.0, 100.0, 150.0, 200.0, 150.0, 100.0, 150.0, '$4', 100.0, 50.0, '$4', 100.0, '$4', 50.0, 0.0, '$10', 50.0, 100.0, 150.0, 200.0, '$2', 150.0, '$3', 200.0, 150.0, '$5', 100.0, '$2', 50.0, '$8', 100.0, '$5', 50.0, 100.0, '$10', 150.0, '$19', 200.0, '$2', 150.0, 100.0, 50.0, '$2', 150.0, '$2', 200.0, '$6', 150.0]
['$2', 50.0, '$2', 0.0, 50.0, '$4', 0.0, '$8', 50.0, 0.0, 50.0, 0.0, '$2', 50.0, '$6', 0.0, '$9', 50.0, 0.0, '$2', 50.0, '$6', 0.0, '$6', 50.0, '$2', 0.0, 50.0, '$2', 0.0, '$13', 50.0, '$4', 100.0, '$4', 50.0, '$2', 0.0, 50.0, '$3', 100.0, 50.0, '$3', 0.0, '$2', 50.0, 0.0, '$2', 50.0, '$5', 0.0, '$5', 50.0, 100.0, 50.0, '$2', 0.0, '$2', 50.0, '$2', 0.0, 50.0, '$3', 0.0, 50.0, 0.0, 50.0, '$2', 150.0, '$3', 100.0, '$4', 50.0, '$24', 0.0, '$8', 50.0, '$5', 100.0, '$6', 150.0, '$3', 100.0, 50.0, 100.0, '$9', 50.0, '$2', 0.0, 50.0, '$4', 0.0, '$8', 50.0, '$5', 100.0, '$6', 50.0, '$4', 100.0, '$6', 150.0, 100.0, '$5', 50.0, '$6', 100.0, '$14', 150.0, '$3', 100.0, 50.0, '$10', 100.0, 50.0, '$5', 100.0, '$2', 50.0, 0.0, '$2', 100.0, 150.0, 100.0, '$4', 50.0, 100.0, '$2', 50.0, 150.0, 200.0, '$2', 150.0, '$5', 100.0, '$3', 50.0, 100.0, '$8', 50.0, '$3', 0.0, '$4', 50.0, 100.0, '$3', 150.0, '$3', 100.0, 150.0, '$2', 100.0, '$4', 50.0, 100.0, '$2', 50.0, '$10', 100.0, '$3', 50.0, '$7', 100.0, 150.0, '$2', 100.0, '$2', 150.0, '$18', 200.0, '$5', 150.0, '$4', 200.0, '$3', 150.0, '$2', 200.0]
['$2', 50.0, '$2', 0.0, '$2', 50.0, '$3', 0.0, '$7', 50.0, '$5', 0.0, '$2', 50.0, '$4', 0.0, '$10', 50.0, 0.0, '$2', 50.0, '$7', 0.0, '$5', 50.0, '$5', 0.0, '$12', 50.0, '$2', 100.0, '$2', 50.0, 100.0, '$7', 50.0, '$4', 100.0, '$3', 0.0, '$2', 50.0, 0.0, 50.0, '$6', 0.0, 50.0, 0.0, '$2', 100.0, '$3', 50.0, '$2', 0.0, 50.0, '$2', 0.0, '$2', 50.0, '$5', 0.0, 100.0, 150.0, '$3', 100.0, '$3', 50.0, '$5', 0.0, '$4', 50.0, '$6', 0.0, 50.0, 0.0, 50.0, '$7', 0.0, '$10', 50.0, '$4', 100.0, '$6', 150.0, '$3', 100.0, 50.0, 100.0, '$9', 50.0, '$2', 0.0, '$2', 50.0, '$2', 0.0, '$10', 50.0, '$4', 100.0, '$6', 50.0, '$4', 100.0, '$5', 150.0, 100.0, '$6', 50.0, '$7', 100.0, 150.0, 100.0, '$12', 150.0, '$14', 100.0, '$8', 50.0, 100.0, '$2', 150.0, 100.0, 0.0, '$2', 50.0, '$5', 100.0, '$2', 150.0, '$6', 100.0, '$2', 50.0, '$2', 100.0, '$3', 50.0, 100.0, 150.0, '$2', 100.0, '$2', 50.0, 0.0, 50.0, '$2', 100.0, '$2', 50.0, '$6', 100.0, '$2', 50.0, 100.0, '$7', 50.0, '$5', 100.0, 150.0, '$5', 100.0, 50.0, '$4', 100.0, '$5', 50.0, '$4', 100.0, 150.0, '$20', 200.0, '$2', 150.0, '$5', 200.0, '$5', 150.0]
['$3', 50.0, 0.0, '$3', 50.0, '$3', 0.0, '$7', 50.0, '$14', 0.0, '$6', 50.0, '$2', 0.0, 50.0, '$7', 0.0, '$2', 50.0, '$2', 0.0, '$9', 50.0, 0.0, '$9', 50.0, 100.0, '$7', 50.0, 100.0, '$4', 50.0, 100.0, 50.0, '$3', 0.0, 50.0, '$8', 0.0, '$2', 50.0, 0.0, 50.0, 100.0, 50.0, 0.0, '$3', 50.0, '$2', 0.0, '$3', 50.0, '$4', 0.0, 50.0, '$2', 100.0, 50.0, '$2', 100.0, '$3', 50.0, '$5', 0.0, '$5', 50.0, '$3', 0.0, '$5', 50.0, '$7', 0.0, '$11', 50.0, '$12', 100.0, '$25', 50.0, '$2', 100.0, 50.0, '$2', 100.0, '$7', 50.0, 100.0, 150.0, '$2', 100.0, '$5', 150.0, '$12', 50.0, '$5', 100.0, '$11', 150.0, '$7', 100.0, '$4', 50.0, '$8', 100.0, '$2', 50.0, '$2', 100.0, '$2', 150.0, 100.0, '$2', 50.0, '$7', 100.0, 200.0, 150.0, 50.0, '$3', 100.0, '$6', 50.0, 0.0, 50.0, '$5', 100.0, 50.0, '$4', 100.0, 50.0, '$2', 100.0, '$2', 50.0, 100.0, '$10', 50.0, 100.0, 50.0, 100.0, '$3', 50.0, 100.0, '$5', 50.0, 100.0, 50.0, '$3', 100.0, '$6', 50.0, '$5', 100.0, '$4', 150.0, '$23', 200.0, '$5', 150.0]
['$4', 50.0, 0.0, '$3', 50.0, '$3', 0.0, '$2', 50.0, 100.0, '$4', 50.0, '$2', 0.0, '$2', 50.0, '$6', 0.0, '$4', 50.0, '$2', 100.0, '$2', 50.0, '$12', 0.0, 50.0, 0.0, '$10', 50.0, 0.0, '$13', 50.0, 100.0, 50.0, 0.0, 50.0, 0.0, 50.0, '$3', 100.0, 150.0, 50.0, 0.0, '$2', 50.0, '$12', 0.0, '$5', 50.0, '$3', 0.0, '$3', 50.0, '$5', 0.0, '$3', 100.0, 50.0, 100.0, '$22', 50.0, '$6', 0.0, '$13', 50.0, '$7', 100.0, 150.0, '$3', 100.0, '$25', 50.0, '$5', 100.0, '$7', 50.0, 100.0, 150.0, '$2', 100.0, '$4', 150.0, 100.0, 0.0, '$13', 50.0, '$3', 100.0, '$12', 150.0, '$4', 100.0, '$5', 50.0, '$9', 100.0, 50.0, '$2', 100.0, 50.0, 100.0, 150.0, 100.0, '$2', 50.0, '$5', 100.0, 50.0, 100.0, '$2', 150.0, '$2', 100.0, 150.0, 100.0, 50.0, 0.0, 50.0, '$2', 100.0, '$5', 50.0, '$3', 100.0, 50.0, '$2', 100.0, '$7', 50.0, '$6', 100.0, 150.0, 100.0, '$2', 50.0, '$3', 100.0, '$2', 50.0, '$3', 100.0, '$9', 50.0, '$2', 100.0, '$3', 50.0, 100.0, '$3', 50.0, '$4', 100.0, '$4', 150.0, '$18', 200.0, '$2', 150.0, '$2', 200.0, '$4', 150.0, 100.0]
['$3', 50.0, '$3', 0.0, 50.0, '$2', 100.0, 50.0, '$2', 0.0, '$10', 50.0, '$6', 0.0, 50.0, '$5', 100.0, '$4', 50.0, '$9', 0.0, '$13', 50.0, 0.0, 50.0, '$2', 100.0, '$8', 50.0, 0.0, 50.0, 100.0, '$3', 50.0, '$5', 100.0, 150.0, 100.0, 0.0, '$4', 50.0, '$2', 0.0, '$2', 50.0, '$2', 0.0, '$8', 50.0, '$11', 0.0, 50.0, 150.0, 100.0, '$25', 50.0, '$6', 0.0, '$13', 50.0, '$10', 100.0, '$24', 50.0, 100.0, 50.0, '$6', 100.0, '$6', 50.0, 100.0, 150.0, '$2', 100.0, '$4', 150.0, 50.0, 0.0, '$15', 50.0, '$2', 100.0, '$12', 150.0, '$3', 100.0, 50.0, '$2', 100.0, 50.0, '$9', 100.0, 50.0, '$2', 100.0, 50.0, 100.0, 150.0, '$9', 100.0, 50.0, 100.0, 150.0, '$4', 200.0, 150.0, '$3', 100.0, 150.0, 100.0, 50.0, '$2', 100.0, '$3', 50.0, '$4', 100.0, '$2', 50.0, 100.0, '$8', 50.0, 100.0, '$4', 150.0, '$9', 100.0, '$2', 50.0, '$3', 100.0, '$8', 50.0, '$3', 100.0, '$4', 50.0, '$2', 100.0, '$4', 150.0, '$14', 200.0, '$2', 150.0, '$4', 200.0, '$4', 150.0, '$3', 100.0, 50.0]
['$12', 50.0, 0.0, '$10', 50.0, '$5', 0.0, '$11', 50.0, '$8', 0.0, '$13', 50.0, 0.0, '$2', 50.0, '$2', 100.0, '$13', 50.0, '$3', 100.0, '$2', 50.0, '$2', 100.0, 50.0, 0.0, '$3', 50.0, '$6', 0.0, 50.0, '$2', 0.0, 100.0, 50.0, 0.0, '$2', 50.0, '$9', 0.0, 50.0, 0.0, '$3', 100.0, '$25', 50.0, '$5', 0.0, '$11', 50.0, 100.0, '$2', 50.0, '$10', 100.0, '$6', 50.0, '$3', 100.0, '$15', 50.0, '$8', 100.0, '$6', 50.0, '$5', 100.0, '$3', 150.0, '$2', 0.0, 50.0, 0.0, '$7', 50.0, 0.0, '$5', 50.0, '$3', 100.0, '$11', 150.0, '$4', 100.0, '$2', 50.0, '$9', 100.0, 50.0, '$3', 100.0, 50.0, '$11', 100.0, 50.0, 150.0, '$2', 200.0, '$2', 150.0, '$2', 100.0, '$3', 150.0, '$5', 100.0, '$4', 50.0, '$2', 100.0, '$2', 50.0, '$5', 100.0, '$5', 50.0, 150.0, 200.0, 150.0, '$5', 100.0, '$2', 50.0, '$2', 100.0, '$5', 50.0, '$3', 100.0, 50.0, '$4', 100.0, '$2', 50.0, '$2', 100.0, '$5', 50.0, '$4', 100.0, '$2', 150.0, '$9', 200.0, '$11', 150.0, '$2', 100.0, '$6', 50.0]
[50.0, 0.0, '$4', 50.0, '$3', 0.0, '$9', 50.0, 0.0, 50.0, '$3', 0.0, '$3', 50.0, '$6', 0.0, '$4', 50.0, 100.0, '$2', 50.0, '$8', 0.0, '$13', 50.0, '$2', 0.0, '$12', 50.0, 100.0, '$3', 50.0, 0.0, 50.0, '$2', 100.0, '$7', 50.0, 0.0, 50.0, '$5', 0.0, '$8', 50.0, '$7', 0.0, '$2', 50.0, 0.0, 50.0, '$2', 100.0, '$27', 50.0, '$2', 0.0, '$12', 50.0, '$3', 100.0, 50.0, '$10', 100.0, '$6', 50.0, '$3', 100.0, '$17', 50.0, '$6', 100.0, '$6', 50.0, '$5', 100.0, '$3', 150.0, '$2', 0.0, 50.0, '$2', 0.0, '$4', 50.0, 0.0, 50.0, 0.0, '$5', 50.0, '$4', 100.0, '$10', 150.0, '$2', 100.0, '$2', 50.0, 100.0, '$2', 50.0, 100.0, 50.0, '$3', 100.0, 50.0, 100.0, 150.0, '$2', 100.0, '$3', 50.0, '$9', 100.0, 150.0, '$3', 100.0, '$2', 150.0, 100.0, 150.0, 100.0, 50.0, '$2', 150.0, '$4', 100.0, '$9', 50.0, '$6', 100.0, '$3', 50.0, 100.0, 150.0, '$2', 200.0, '$5', 100.0, '$3', 50.0, '$3', 100.0, '$8', 50.0, 100.0, 150.0, '$5', 100.0, '$4', 50.0, '$2', 100.0, '$3', 50.0, '$3', 100.0, 150.0, '$7', 200.0, '$6', 150.0, '$4', 100.0, 50.0, '$2', 100.0, '$2', 50.0, 100.0, '$4', 50.0]
['$5', 50.0, '$3', 0.0, '$11', 50.0, 0.0, 50.0, '$4', 0.0, '$6', 50.0, 0.0, '$7', 50.0, '$8', 0.0, 50.0, '$2', 0.0, '$10', 50.0, '$2', 0.0, '$2', 100.0, '$5', 50.0, '$2', 100.0, '$5', 50.0, 0.0, '$5', 50.0, 0.0, '$8', 50.0, '$2', 0.0, '$2', 50.0, 0.0, '$2', 50.0, '$2', 0.0, '$2', 100.0, '$2', 50.0, 0.0, 50.0, '$3', 0.0, 50.0, 0.0, '$3', 50.0, 100.0, 150.0, '$11', 50.0, 100.0, '$2', 50.0, '$2', 100.0, '$8', 50.0, '$2', 100.0, '$19', 50.0, '$11', 100.0, '$6', 50.0, '$4', 100.0, '$15', 50.0, '$10', 100.0, '$2', 50.0, '$6', 100.0, '$2', 150.0, 100.0, '$2', 0.0, 50.0, '$2', 0.0, '$3', 50.0, '$6', 0.0, '$4', 50.0, '$5', 100.0, 150.0, 200.0, '$4', 150.0, 100.0, '$2', 150.0, 100.0, '$2', 50.0, '$2', 100.0, '$3', 50.0, '$3', 100.0, 50.0, 100.0, 150.0, 100.0, '$3', 50.0, '$7', 100.0, '$2', 50.0, '$2', 100.0, 50.0, 100.0, 50.0, '$7', 100.0, 150.0, 100.0, '$4', 50.0, 0.0, '$6', 50.0, '$2', 100.0, '$3', 50.0, '$2', 100.0, 50.0, '$2', 100.0, 150.0, '$2', 200.0, 150.0, 100.0, '$4', 50.0, '$7', 100.0, '$2', 50.0, '$2', 100.0, '$3', 50.0, '$7', 100.0, '$3', 50.0, '$8', 100.0, '$11', 150.0, '$2', 100.0, 150.0, '$4', 100.0, '$4', 50.0, 100.0, 50.0, 100.0, '$3', 50.0, 100.0]
['$5', 50.0, '$4', 0.0, '$10', 50.0, 0.0, 50.0, '$3', 0.0, '$15', 50.0, '$8', 0.0, '$13', 50.0, '$2', 0.0, 50.0, '$2', 100.0, 50.0, '$4', 100.0, '$4', 50.0, '$2', 0.0, '$3', 50.0, 0.0, '$2', 50.0, 100.0, 50.0, 0.0, 50.0, '$4', 0.0, 50.0, '$2', 0.0, 50.0, '$2', 0.0, '$6', 50.0, 100.0, '$4', 50.0, '$2', 0.0, 50.0, 0.0, '$2', 50.0, 100.0, 150.0, 100.0, '$10', 50.0, '$2', 100.0, 50.0, '$3', 100.0, '$6', 50.0, '$4', 100.0, '$17', 50.0, '$13', 100.0, '$7', 50.0, '$4', 100.0, '$9', 50.0, '$2', 100.0, 50.0, '$16', 100.0, 150.0, '$3', 100.0, '$2', 150.0, 100.0, '$2', 0.0, 50.0, '$2', 0.0, '$3', 50.0, '$7', 0.0, '$4', 50.0, '$4', 100.0, '$6', 150.0, 100.0, '$2', 150.0, '$3', 100.0, 50.0, 100.0, '$6', 50.0, '$2', 100.0, '$5', 50.0, '$2', 100.0, '$2', 50.0, 0.0, 50.0, 100.0, 50.0, '$8', 100.0, 50.0, '$4', 100.0, 50.0, '$2', 100.0, '$9', 50.0, '$3', 100.0, '$2', 50.0, '$7', 100.0, '$3', 150.0, 100.0, 50.0, '$6', 100.0, '$3', 50.0, 100.0, '$2', 50.0, '$2', 100.0, '$3', 50.0, '$8', 100.0, '$2', 50.0, 100.0, '$2', 50.0, '$12', 100.0, 50.0, '$8', 100.0, '$10', 50.0, '$3', 100.0]
['$5', 50.0, '$4', 0.0, '$3', 50.0, 100.0, '$8', 50.0, '$3', 0.0, '$14', 50.0, '$9', 0.0, '$13', 50.0, '$2', 0.0, 50.0, 100.0, '$5', 150.0, 100.0, '$4', 50.0, 0.0, '$6', 50.0, 100.0, 150.0, 100.0, 0.0, '$2', 50.0, '$5', 0.0, '$4', 50.0, '$2', 0.0, '$4', 50.0, 100.0, '$4', 50.0, '$2', 0.0, '$2', 50.0, 0.0, 50.0, '$2', 150.0, 100.0, '$9', 50.0, '$7', 100.0, '$3', 50.0, '$7', 100.0, '$17', 50.0, '$13', 100.0, '$7', 50.0, '$4', 100.0, '$3', 50.0, 100.0, '$5', 50.0, 100.0, 50.0, '$17', 100.0, 150.0, '$3', 100.0, '$2', 150.0, 100.0, '$3', 0.0, 50.0, 0.0, '$3', 50.0, '$7', 0.0, '$4', 50.0, '$5', 100.0, '$5', 150.0, 100.0, 150.0, '$3', 100.0, '$9', 50.0, 100.0, '$6', 50.0, '$3', 100.0, '$2', 50.0, '$3', 100.0, 50.0, '$4', 100.0, '$5', 50.0, '$3', 100.0, '$2', 50.0, 100.0, '$8', 50.0, '$2', 100.0, '$2', 50.0, 100.0, 50.0, '$9', 100.0, '$2', 150.0, '$7', 100.0, '$3', 50.0, 100.0, '$8', 50.0, '$8', 100.0, '$7', 50.0, '$10', 100.0, 50.0, '$2', 100.0, 50.0, '$2', 100.0, '$13', 50.0, 100.0, 50.0]
['$4', 50.0, 100.0, '$6', 50.0, '$4', 100.0, '$3', 50.0, 0.0, '$19', 50.0, '$9', 0.0, '$13', 50.0, '$3', 0.0, 50.0, 100.0, '$2', 150.0, '$3', 100.0, '$2', 50.0, 100.0, 50.0, 0.0, 50.0, '$2', 0.0, 50.0, '$2', 0.0, 50.0, 100.0, '$4', 50.0, '$3', 0.0, 50.0, 0.0, '$3', 50.0, 0.0, 50.0, '$2', 0.0, '$7', 50.0, '$4', 0.0, 50.0, 0.0, 100.0, 150.0, 100.0, '$9', 50.0, '$8', 100.0, 50.0, '$10', 100.0, '$13', 50.0, 100.0, '$6', 50.0, '$9', 100.0, '$7', 50.0, '$5', 100.0, '$2', 50.0, 100.0, '$2', 50.0, '$2', 100.0, '$3', 50.0, 100.0, 50.0, '$19', 100.0, '$2', 150.0, 50.0, '$4', 0.0, '$4', 50.0, '$7', 0.0, '$6', 50.0, '$3', 100.0, '$5', 150.0, 100.0, 150.0, 100.0, '$12', 50.0, 100.0, '$4', 50.0, 100.0, 50.0, '$2', 100.0, '$2', 50.0, '$2', 100.0, '$2', 50.0, '$5', 100.0, '$6', 50.0, '$2', 100.0, 50.0, 100.0, '$11', 50.0, 100.0, '$2', 50.0, '$6', 100.0, '$2', 50.0, '$2', 100.0, 150.0, 100.0, 50.0, '$5', 100.0, '$2', 50.0, '$3', 100.0, '$7', 50.0, '$5', 100.0, '$8', 50.0, '$9', 100.0, 50.0, '$2', 100.0, '$5', 50.0, 100.0, '$15', 50.0]
['$33', 50.0, 0.0, '$7', 50.0, '$6', 0.0, '$13', 50.0, '$3', 0.0, '$3', 50.0, 100.0, 150.0, '$2', 100.0, '$8', 50.0, 100.0, 50.0, 0.0, '$8', 50.0, 0.0, '$4', 50.0, '$6', 0.0, '$7', 50.0, '$3', 0.0, '$2', 50.0, 150.0, '$2', 100.0, 50.0, 100.0, '$6', 50.0, '$23', 100.0, '$9', 50.0, 100.0, '$7', 50.0, '$10', 100.0, 50.0, 100.0, '$4', 50.0, '$12', 100.0, '$7', 50.0, '$7', 100.0, 150.0, '$2', 100.0, 150.0, '$6', 100.0, '$2', 150.0, '$2', 50.0, '$3', 0.0, '$5', 50.0, '$6', 0.0, '$8', 50.0, '$2', 100.0, '$4', 150.0, 100.0, 150.0, 100.0, '$16', 50.0, 100.0, 50.0, '$2', 100.0, '$2', 50.0, 100.0, '$4', 50.0, 100.0, 50.0, '$4', 100.0, 50.0, '$3', 100.0, '$15', 50.0, '$2', 100.0, 50.0, '$12', 100.0, '$2', 50.0, '$5', 100.0, '$2', 50.0, '$4', 100.0, '$4', 50.0, '$2', 100.0, '$15', 50.0, '$9', 100.0, '$9', 50.0, '$3', 100.0, '$10', 50.0]
['$6', 50.0, '$2', 0.0, '$6', 50.0, 100.0, '$26', 50.0, '$8', 0.0, '$11', 50.0, '$3', 0.0, '$2', 100.0, 50.0, '$5', 100.0, '$7', 50.0, '$3', 100.0, '$4', 50.0, 0.0, '$8', 50.0, 0.0, 50.0, '$5', 0.0, '$2', 50.0, 0.0, '$4', 50.0, '$3', 0.0, 50.0, '$2', 100.0, 50.0, '$4', 100.0, '$3', 50.0, '$22', 100.0, '$13', 50.0, '$5', 100.0, '$2', 50.0, '$12', 100.0, '$3', 50.0, '$13', 100.0, '$3', 50.0, '$9', 100.0, '$2', 150.0, '$2', 100.0, 150.0, '$2', 100.0, 150.0, '$3', 100.0, 150.0, 100.0, '$3', 50.0, 0.0, '$8', 50.0, '$6', 0.0, '$6', 50.0, '$2', 100.0, 150.0, 200.0, '$2', 150.0, 100.0, 150.0, 100.0, '$6', 50.0, 100.0, '$6', 50.0, '$4', 100.0, 50.0, '$5', 100.0, '$4', 50.0, '$3', 100.0, 50.0, '$6', 100.0, '$2', 50.0, 100.0, '$10', 50.0, '$2', 100.0, '$3', 50.0, '$19', 100.0, '$2', 50.0, 100.0, '$2', 50.0, '$2', 100.0, '$3', 50.0, '$3', 100.0, '$13', 50.0, '$17', 100.0, '$15', 50.0]
['$6', 50.0, '$3', 0.0, '$5', 50.0, 100.0, '$27', 50.0, '$7', 0.0, '$11', 50.0, '$3', 0.0, 50.0, 100.0, '$4', 50.0, '$5', 100.0, '$3', 50.0, '$2', 0.0, '$2', 100.0, 0.0, '$3', 50.0, 0.0, '$3', 50.0, '$2', 0.0, '$4', 50.0, '$6', 0.0, '$8', 50.0, '$2', 0.0, '$32', 100.0, '$8', 50.0, 100.0, 50.0, '$3', 100.0, 50.0, 100.0, 50.0, 100.0, 150.0, 100.0, '$4', 50.0, '$7', 100.0, '$2', 50.0, 100.0, '$3', 50.0, '$19', 100.0, '$2', 50.0, '$3', 100.0, '$4', 150.0, '$4', 100.0, '$2', 150.0, 100.0, '$2', 150.0, 100.0, '$3', 50.0, 0.0, '$8', 50.0, 0.0, '$2', 50.0, '$3', 0.0, '$6', 50.0, '$3', 100.0, 200.0, '$2', 150.0, 100.0, 150.0, '$8', 50.0, '$3', 100.0, '$2', 50.0, '$10', 100.0, '$5', 50.0, '$2', 100.0, '$3', 50.0, '$2', 100.0, 50.0, '$5', 100.0, '$12', 50.0, '$14', 100.0, 150.0, '$4', 100.0, 50.0, '$3', 100.0, '$3', 50.0, 100.0, 50.0, '$3', 100.0, 50.0, '$3', 100.0, '$12', 50.0, '$19', 100.0, '$14', 50.0]
['$6', 50.0, '$2', 0.0, '$35', 50.0, '$6', 0.0, '$11', 50.0, '$3', 0.0, 50.0, 100.0, '$4', 50.0, 0.0, '$4', 50.0, 0.0, '$3', 50.0, 0.0, '$6', 50.0, '$6', 0.0, 50.0, '$2', 0.0, '$2', 50.0, '$4', 0.0, '$9', 50.0, 0.0, 50.0, 150.0, '$31', 100.0, '$7', 50.0, '$8', 100.0, '$2', 50.0, '$3', 100.0, 50.0, 100.0, '$2', 50.0, '$6', 100.0, '$3', 50.0, '$2', 100.0, '$2', 50.0, '$10', 100.0, 50.0, '$2', 100.0, 50.0, '$3', 100.0, '$3', 50.0, '$3', 100.0, '$4', 150.0, '$4', 100.0, 150.0, '$2', 100.0, '$2', 150.0, 100.0, '$3', 50.0, 0.0, '$8', 50.0, 0.0, '$2', 50.0, '$3', 0.0, '$7', 50.0, '$2', 100.0, 150.0, 200.0, 150.0, '$2', 100.0, '$9', 50.0, '$3', 100.0, 50.0, '$2', 100.0, 150.0, '$8', 100.0, '$4', 50.0, 100.0, '$3', 50.0, '$2', 100.0, '$2', 50.0, '$5', 100.0, '$10', 50.0, 0.0, 50.0, '$6', 100.0, '$2', 50.0, '$7', 100.0, 50.0, '$8', 100.0, '$2', 50.0, 100.0, 50.0, '$7', 100.0, '$9', 50.0, '$5', 100.0, '$6', 50.0, 100.0, 50.0, 100.0, '$4', 50.0, '$5', 100.0, '$6', 50.0, 0.0, '$6', 50.0]
['$6', 50.0, '$2', 0.0, '$4', 50.0, 0.0, '$2', 50.0, 0.0, '$5', 50.0, '$2', 0.0, '$20', 50.0, '$6', 0.0, '$11', 50.0, '$3', 0.0, 50.0, 150.0, 100.0, 50.0, 100.0, '$20', 50.0, '$8', 0.0, 50.0, '$4', 0.0, '$3', 50.0, 100.0, '$5', 50.0, '$3', 100.0, 50.0, '$27', 100.0, '$8', 50.0, '$3', 100.0, '$2', 50.0, '$4', 100.0, '$5', 50.0, 100.0, '$3', 50.0, '$6', 100.0, '$3', 50.0, '$2', 100.0, '$2', 50.0, '$12', 100.0, '$2', 50.0, '$4', 100.0, 50.0, '$4', 100.0, '$6', 150.0, '$2', 100.0, '$2', 150.0, 100.0, '$2', 150.0, '$2', 100.0, '$11', 50.0, 0.0, '$3', 50.0, 0.0, '$3', 50.0, 0.0, '$4', 50.0, '$2', 100.0, '$3', 150.0, '$2', 100.0, '$11', 50.0, '$2', 100.0, 50.0, 100.0, 150.0, '$2', 100.0, '$3', 50.0, '$8', 100.0, '$2', 50.0, '$4', 100.0, 50.0, '$5', 100.0, '$2', 50.0, 100.0, '$2', 50.0, 0.0, 50.0, 100.0, '$2', 50.0, '$3', 100.0, 150.0, '$2', 100.0, 50.0, '$6', 100.0, 50.0, '$3', 100.0, 50.0, '$6', 100.0, 50.0, '$4', 100.0, 50.0, '$6', 100.0, '$7', 50.0, '$2', 100.0, '$3', 50.0, '$2', 100.0, '$15', 50.0, 100.0, '$8', 50.0, '$4', 0.0, '$4', 50.0]
['$17', 50.0, 0.0, '$3', 50.0, '$2', 0.0, '$7', 50.0, '$3', 0.0, '$9', 50.0, '$7', 0.0, '$11', 50.0, '$3', 0.0, 50.0, '$5', 100.0, 50.0, '$2', 100.0, '$4', 50.0, 100.0, '$2', 50.0, 0.0, '$5', 50.0, 0.0, '$3', 50.0, '$12', 0.0, '$8', 50.0, '$28', 100.0, '$13', 50.0, 100.0, '$6', 50.0, 100.0, '$5', 50.0, 100.0, '$4', 50.0, '$6', 100.0, '$3', 50.0, 100.0, '$2', 50.0, '$11', 100.0, '$2', 50.0, '$10', 100.0, '$6', 150.0, 100.0, 150.0, '$2', 100.0, '$3', 150.0, '$2', 100.0, '$18', 50.0, '$3', 0.0, '$4', 50.0, '$2', 100.0, '$2', 150.0, '$2', 100.0, '$11', 50.0, 100.0, 50.0, '$4', 100.0, '$5', 50.0, '$6', 100.0, 50.0, 100.0, 150.0, '$3', 100.0, 50.0, '$7', 100.0, '$2', 50.0, '$2', 100.0, '$5', 50.0, '$3', 100.0, 150.0, '$2', 100.0, 50.0, '$12', 100.0, 150.0, 100.0, '$5', 50.0, '$5', 100.0, 150.0, 100.0, '$3', 50.0, 100.0, '$6', 50.0, '$2', 100.0, '$8', 50.0, 0.0, '$3', 50.0, 100.0, '$7', 50.0, '$2', 100.0, '$6', 50.0, '$4', 0.0, '$5', 50.0]
['$7', 50.0, '$2', 0.0, '$4', 50.0, 0.0, '$2', 50.0, '$4', 0.0, 50.0, 0.0, '$8', 50.0, '$4', 0.0, '$8', 50.0, 0.0, '$2', 50.0, '$4', 0.0, '$11', 50.0, '$3', 0.0, '$3', 50.0, '$6', 100.0, '$4', 50.0, 100.0, '$3', 50.0, 0.0, '$3', 50.0, '$3', 0.0, '$2', 50.0, '$9', 0.0, 50.0, 0.0, '$2', 50.0, '$3', 0.0, '$4', 50.0, '$28', 100.0, '$10', 50.0, 100.0, '$15', 50.0, 100.0, '$4', 50.0, '$7', 100.0, '$2', 50.0, 100.0, '$2', 50.0, '$10', 100.0, '$3', 50.0, '$10', 100.0, 150.0, 100.0, '$5', 150.0, 100.0, '$4', 150.0, '$3', 100.0, '$5', 50.0, '$3', 100.0, '$11', 50.0, '$3', 0.0, '$3', 50.0, '$2', 100.0, 150.0, 200.0, '$6', 100.0, '$6', 50.0, '$5', 100.0, 50.0, '$12', 100.0, 50.0, '$2', 100.0, 50.0, '$10', 100.0, '$2', 50.0, '$3', 100.0, '$5', 50.0, '$2', 100.0, 50.0, '$2', 100.0, '$2', 50.0, 100.0, '$8', 50.0, '$4', 100.0, '$6', 50.0, '$4', 100.0, '$4', 50.0, '$3', 100.0, '$17', 50.0, '$2', 100.0, '$8', 50.0, 100.0, '$8', 50.0, '$3', 0.0, '$5', 50.0]
['$4', 50.0, 100.0, '$7', 50.0, 100.0, 50.0, 0.0, '$2', 50.0, '$3', 0.0, '$13', 50.0, '$2', 0.0, '$8', 50.0, 0.0, 50.0, '$4', 0.0, '$11', 50.0, '$4', 0.0, 100.0, '$3', 50.0, '$3', 100.0, '$4', 50.0, '$2', 100.0, 50.0, '$2', 100.0, '$8', 50.0, '$5', 0.0, 50.0, '$2', 0.0, '$11', 50.0, 0.0, 50.0, '$27', 100.0, '$8', 50.0, 100.0, '$5', 50.0, 0.0, '$11', 50.0, 100.0, '$4', 50.0, '$8', 100.0, '$2', 50.0, 100.0, '$2', 50.0, '$11', 100.0, '$2', 50.0, '$11', 100.0, '$6', 150.0, '$2', 100.0, '$3', 150.0, '$4', 100.0, '$4', 50.0, '$4', 100.0, '$17', 50.0, 100.0, '$3', 150.0, '$3', 100.0, '$2', 50.0, 100.0, '$4', 50.0, '$6', 100.0, 50.0, '$4', 100.0, 50.0, '$4', 100.0, 50.0, '$5', 100.0, 50.0, 100.0, 50.0, '$5', 100.0, 50.0, '$2', 100.0, 50.0, 100.0, 50.0, '$2', 100.0, '$13', 50.0, '$3', 100.0, '$18', 50.0, 100.0, '$4', 50.0, '$9', 100.0, '$2', 50.0, 100.0, '$10', 50.0, '$2', 100.0, '$17', 50.0, 0.0, '$5', 50.0]
['$4', 50.0, '$3', 100.0, '$5', 50.0, '$2', 100.0, 50.0, 0.0, '$11', 50.0, 100.0, '$5', 50.0, '$2', 0.0, '$8', 50.0, 0.0, '$2', 50.0, '$3', 0.0, '$12', 50.0, '$3', 0.0, '$4', 50.0, 100.0, '$6', 50.0, '$2', 100.0, '$11', 50.0, '$3', 0.0, 50.0, 0.0, 50.0, '$4', 0.0, '$9', 50.0, 0.0, 50.0, '$24', 100.0, 50.0, '$2', 100.0, '$2', 50.0, 100.0, 50.0, '$2', 100.0, '$9', 50.0, 0.0, '$6', 50.0, 100.0, '$2', 50.0, '$2', 100.0, '$4', 50.0, '$7', 100.0, '$3', 50.0, '$2', 100.0, 50.0, '$11', 100.0, '$2', 50.0, '$11', 100.0, '$6', 150.0, '$2', 100.0, '$3', 150.0, '$5', 100.0, '$3', 50.0, '$4', 100.0, '$18', 50.0, 100.0, '$2', 150.0, '$7', 100.0, '$3', 50.0, '$2', 100.0, '$2', 50.0, '$4', 100.0, 50.0, 100.0, '$2', 50.0, '$5', 100.0, 50.0, '$5', 100.0, '$3', 50.0, '$4', 100.0, '$2', 50.0, 100.0, 50.0, '$4', 100.0, '$2', 50.0, 100.0, 50.0, 100.0, '$7', 50.0, '$4', 100.0, '$13', 50.0, 100.0, '$7', 50.0, 100.0, 50.0, '$3', 100.0, 50.0, '$7', 100.0, '$10', 50.0, 100.0, '$8', 50.0, 100.0, '$10', 50.0, 0.0, '$5', 50.0]
['$8', 50.0, '$3', 0.0, '$2', 50.0, 100.0, 50.0, '$3', 0.0, '$9', 50.0, 100.0, '$5', 50.0, 0.0, '$12', 50.0, '$4', 0.0, '$8', 50.0, 0.0, '$2', 50.0, '$3', 0.0, '$2', 50.0, 100.0, 50.0, '$5', 100.0, '$2', 50.0, 100.0, 50.0, 0.0, '$8', 50.0, 0.0, 50.0, '$3', 0.0, 50.0, '$6', 0.0, '$7', 50.0, '$3', 0.0, 50.0, '$25', 100.0, '$5', 50.0, 100.0, '$8', 50.0, 0.0, 50.0, 0.0, '$6', 50.0, '$2', 100.0, '$8', 50.0, '$8', 100.0, '$2', 50.0, '$2', 100.0, 50.0, '$12', 100.0, 50.0, '$12', 100.0, '$4', 150.0, '$4', 100.0, 150.0, '$2', 100.0, 50.0, '$11', 100.0, '$16', 50.0, 100.0, 50.0, '$3', 150.0, '$4', 100.0, 50.0, 100.0, '$7', 50.0, '$4', 100.0, 50.0, 100.0, '$4', 50.0, 100.0, 50.0, '$6', 100.0, '$2', 50.0, 100.0, '$2', 50.0, '$2', 100.0, '$4', 50.0, '$13', 100.0, '$2', 50.0, '$3', 100.0, '$2', 50.0, '$3', 100.0, '$2', 50.0, 100.0, '$13', 50.0, '$3', 100.0, '$3', 50.0, '$6', 100.0, '$6', 50.0, '$5', 100.0, '$27', 50.0, 0.0, 50.0]
[50.0, 0.0, '$3', 50.0, '$5', 0.0, 50.0, 0.0, '$20', 50.0, 0.0, '$10', 50.0, 0.0, '$2', 50.0, '$5', 0.0, '$2', 50.0, '$4', 0.0, '$4', 50.0, '$3', 0.0, 50.0, 100.0, '$3', 50.0, '$5', 100.0, '$6', 50.0, 0.0, 50.0, 100.0, 50.0, '$3', 0.0, '$4', 50.0, '$17', 0.0, 50.0, '$24', 100.0, '$7', 50.0, 0.0, 50.0, 100.0, 50.0, '$2', 100.0, 50.0, '$4', 0.0, '$6', 50.0, 100.0, '$8', 50.0, '$9', 100.0, '$5', 50.0, '$14', 100.0, 50.0, '$3', 100.0, 50.0, 100.0, 50.0, '$4', 100.0, '$4', 150.0, '$20', 100.0, '$3', 50.0, 100.0, '$11', 50.0, 100.0, 50.0, 150.0, 200.0, 150.0, '$6', 100.0, '$4', 50.0, '$2', 100.0, '$2', 50.0, '$3', 100.0, '$2', 50.0, 100.0, '$2', 50.0, '$2', 100.0, '$3', 50.0, '$2', 100.0, '$8', 50.0, '$2', 100.0, '$3', 50.0, '$5', 100.0, 50.0, '$8', 100.0, 50.0, '$2', 100.0, '$3', 50.0, '$4', 100.0, '$6', 50.0, '$3', 100.0, '$5', 50.0, '$4', 100.0, '$4', 50.0, '$5', 100.0, '$8', 50.0, '$3', 100.0, '$10', 50.0, 0.0, '$12', 50.0, 100.0, '$4', 50.0, 100.0]
['$3', 50.0, 100.0, 50.0, '$3', 0.0, 50.0, 0.0, '$3', 50.0, 100.0, 50.0, 0.0, '$2', 50.0, '$3', 0.0, '$10', 50.0, '$2', 0.0, '$8', 50.0, '$3', 0.0, '$3', 50.0, '$3', 0.0, '$11', 50.0, '$3', 0.0, 50.0, 100.0, '$4', 50.0, 100.0, 50.0, '$2', 100.0, '$2', 50.0, '$2', 100.0, '$4', 50.0, 100.0, 50.0, '$2', 0.0, '$5', 50.0, '$2', 0.0, 50.0, '$14', 0.0, 50.0, '$3', 100.0, '$2', 50.0, '$13', 100.0, 50.0, '$3', 100.0, 50.0, '$4', 0.0, '$6', 50.0, 100.0, 50.0, '$2', 100.0, '$3', 50.0, 0.0, '$15', 50.0, '$11', 100.0, '$3', 50.0, '$2', 100.0, '$2', 150.0, '$9', 100.0, '$3', 50.0, '$10', 100.0, '$4', 150.0, '$3', 100.0, 150.0, 100.0, 150.0, '$14', 100.0, '$3', 50.0, '$3', 100.0, '$9', 50.0, '$3', 100.0, '$2', 150.0, '$6', 100.0, '$3', 50.0, '$3', 100.0, '$2', 50.0, '$7', 100.0, 50.0, '$2', 100.0, 50.0, 100.0, 50.0, '$2', 100.0, '$7', 50.0, 0.0, 50.0, '$8', 100.0, '$3', 50.0, '$2', 100.0, '$3', 50.0, '$6', 100.0, '$3', 50.0, '$3', 100.0, '$6', 50.0, '$2', 100.0, '$4', 50.0, '$2', 100.0, '$3', 50.0, '$2', 100.0, '$4', 50.0, 100.0, '$8', 50.0, 0.0, '$5', 50.0, 100.0, 50.0, '$3', 100.0, '$14', 50.0, '$5', 100.0, '$3', 50.0, '$2', 100.0]
['$2', 50.0, '$3', 100.0, 50.0, 0.0, 50.0, '$2', 0.0, 50.0, 100.0, '$3', 50.0, 0.0, '$2', 50.0, '$3', 0.0, '$8', 50.0, '$5', 0.0, '$7', 50.0, 0.0, '$5', 50.0, '$3', 0.0, '$11', 50.0, '$4', 0.0, '$3', 100.0, '$4', 50.0, '$2', 100.0, 50.0, '$2', 100.0, '$3', 50.0, 100.0, 50.0, 100.0, '$5', 50.0, 0.0, '$2', 50.0, '$6', 0.0, 50.0, '$10', 0.0, 50.0, '$2', 100.0, 50.0, 100.0, 50.0, '$2', 100.0, 50.0, '$9', 100.0, 50.0, 100.0, '$4', 50.0, 0.0, 50.0, 0.0, '$14', 50.0, 0.0, '$16', 50.0, '$11', 100.0, 50.0, '$13', 100.0, '$3', 50.0, '$5', 100.0, 50.0, '$5', 100.0, '$5', 150.0, '$2', 100.0, 150.0, 100.0, '$2', 150.0, '$14', 100.0, '$2', 50.0, '$5', 100.0, '$7', 50.0, '$3', 100.0, '$2', 150.0, '$5', 100.0, '$3', 50.0, '$10', 100.0, 50.0, '$5', 100.0, 50.0, '$6', 100.0, 50.0, 100.0, '$5', 50.0, '$7', 100.0, 150.0, '$4', 100.0, '$4', 50.0, '$2', 100.0, '$2', 50.0, 100.0, '$2', 50.0, 100.0, '$3', 50.0, '$2', 100.0, '$4', 50.0, '$3', 100.0, '$3', 50.0, '$3', 100.0, '$4', 50.0, '$2', 100.0, '$10', 50.0, 0.0, '$3', 50.0, 100.0, '$6', 50.0, '$2', 100.0, '$14', 50.0, '$4', 100.0, '$6', 50.0]
['$6', 100.0, '$2', 50.0, '$2', 0.0, '$3', 50.0, '$3', 0.0, '$2', 50.0, '$3', 0.0, '$3', 50.0, 0.0, '$5', 50.0, '$8', 0.0, '$10', 50.0, '$2', 0.0, '$11', 50.0, '$4', 0.0, '$2', 100.0, '$5', 50.0, '$2', 100.0, '$4', 50.0, 100.0, '$3', 50.0, 100.0, '$5', 50.0, '$18', 0.0, 50.0, '$2', 0.0, '$2', 100.0, 50.0, '$8', 100.0, '$12', 50.0, '$2', 0.0, '$15', 50.0, 0.0, '$4', 50.0, 0.0, '$4', 50.0, 0.0, '$3', 50.0, 100.0, 50.0, '$11', 100.0, '$2', 50.0, '$13', 100.0, '$3', 50.0, '$5', 100.0, 50.0, '$5', 100.0, '$5', 150.0, 100.0, '$6', 150.0, '$13', 100.0, '$2', 50.0, '$5', 100.0, '$9', 50.0, 100.0, '$2', 150.0, '$15', 100.0, 50.0, '$3', 100.0, 50.0, '$7', 100.0, '$2', 50.0, '$3', 100.0, '$6', 50.0, '$13', 100.0, '$4', 50.0, 100.0, '$3', 50.0, '$3', 100.0, '$3', 50.0, '$2', 100.0, '$2', 50.0, 100.0, '$4', 50.0, '$2', 100.0, '$3', 50.0, 100.0, '$4', 50.0, '$2', 100.0, '$5', 50.0, '$5', 100.0, '$12', 50.0, 100.0, '$9', 50.0, 0.0, '$14', 50.0]
['$6', 100.0, 50.0, '$3', 0.0, '$3', 50.0, '$5', 0.0, 50.0, 0.0, '$4', 50.0, 0.0, '$6', 50.0, '$3', 0.0, 50.0, '$4', 0.0, '$3', 50.0, '$3', 100.0, '$3', 50.0, '$3', 0.0, '$10', 50.0, '$4', 0.0, '$8', 50.0, 0.0, '$2', 50.0, 0.0, 50.0, 100.0, '$9', 50.0, '$2', 0.0, '$2', 50.0, 0.0, 50.0, '$15', 0.0, 50.0, '$10', 100.0, '$5', 50.0, 100.0, '$6', 50.0, '$2', 0.0, '$15', 50.0, 0.0, '$2', 50.0, '$4', 0.0, '$4', 50.0, '$4', 100.0, 50.0, '$11', 100.0, '$2', 50.0, '$14', 100.0, 50.0, '$12', 100.0, '$5', 150.0, 100.0, '$7', 150.0, '$19', 100.0, '$10', 50.0, '$2', 150.0, '$16', 100.0, 50.0, '$4', 100.0, '$2', 50.0, '$2', 100.0, '$2', 50.0, 100.0, 50.0, 100.0, '$2', 50.0, 100.0, 50.0, 0.0, '$8', 50.0, '$4', 100.0, '$3', 50.0, '$3', 100.0, '$3', 50.0, 100.0, '$2', 50.0, '$2', 100.0, '$4', 50.0, '$5', 100.0, '$5', 50.0, 100.0, '$5', 50.0, '$3', 100.0, 50.0, 100.0, '$4', 50.0, '$3', 100.0, '$39', 50.0, 100.0]
['$6', 50.0, '$5', 0.0, '$31', 50.0, 100.0, 50.0, 100.0, '$4', 50.0, '$2', 0.0, '$10', 50.0, '$5', 0.0, '$2', 50.0, 100.0, '$18', 50.0, '$3', 0.0, '$2', 50.0, '$18', 0.0, '$3', 100.0, '$4', 50.0, '$3', 100.0, 50.0, 100.0, '$3', 50.0, 100.0, '$2', 50.0, '$2', 100.0, 50.0, '$2', 0.0, '$2', 50.0, 0.0, '$13', 50.0, 0.0, 50.0, 0.0, '$2', 50.0, 0.0, '$2', 50.0, 100.0, '$2', 50.0, 100.0, 50.0, '$2', 100.0, '$2', 50.0, '$11', 100.0, 50.0, 100.0, '$2', 50.0, '$24', 100.0, '$5', 150.0, 100.0, '$8', 150.0, 100.0, 50.0, '$17', 100.0, '$9', 50.0, '$2', 150.0, '$2', 100.0, 50.0, '$3', 100.0, 50.0, '$3', 100.0, '$2', 150.0, '$9', 100.0, '$5', 50.0, 100.0, '$3', 50.0, '$4', 100.0, '$3', 50.0, '$2', 100.0, '$3', 50.0, 100.0, '$2', 50.0, '$4', 100.0, '$2', 50.0, '$3', 100.0, '$11', 50.0, '$7', 100.0, '$4', 50.0, 100.0, '$2', 50.0, '$4', 100.0, '$20', 50.0, 0.0, '$27', 50.0, 100.0, 150.0]
[50.0, '$4', 100.0, '$3', 50.0, '$3', 0.0, '$4', 50.0, '$2', 0.0, '$2', 50.0, 0.0, '$18', 50.0, 100.0, '$3', 50.0, '$4', 100.0, '$15', 50.0, '$5', 0.0, '$2', 50.0, '$2', 100.0, '$16', 50.0, '$2', 0.0, 50.0, '$6', 0.0, 50.0, '$14', 0.0, 50.0, '$4', 100.0, '$2', 50.0, '$2', 100.0, '$4', 50.0, '$2', 100.0, 50.0, 100.0, '$4', 50.0, 0.0, '$14', 50.0, 0.0, '$10', 50.0, 100.0, '$4', 50.0, '$2', 100.0, '$3', 50.0, '$9', 100.0, '$2', 50.0, '$26', 100.0, '$5', 150.0, '$2', 100.0, '$8', 150.0, '$2', 100.0, 50.0, '$16', 100.0, '$7', 50.0, 100.0, 50.0, '$2', 150.0, '$2', 100.0, 50.0, '$17', 100.0, '$2', 150.0, 100.0, '$2', 50.0, '$4', 100.0, 50.0, '$4', 100.0, '$3', 50.0, '$7', 100.0, '$2', 50.0, '$3', 100.0, '$3', 50.0, 100.0, '$12', 50.0, '$8', 100.0, '$5', 50.0, '$6', 100.0, 50.0, '$2', 100.0, '$2', 50.0, '$2', 100.0, '$4', 50.0, '$3', 100.0, '$32', 50.0, '$3', 100.0]
[50.0, '$2', 100.0, '$10', 50.0, 100.0, 50.0, 0.0, '$28', 50.0, 100.0, '$2', 50.0, 0.0, '$13', 50.0, '$5', 0.0, '$3', 50.0, 100.0, '$2', 50.0, 0.0, '$17', 50.0, '$5', 0.0, 50.0, '$15', 0.0, 50.0, '$2', 100.0, '$11', 50.0, '$2', 100.0, 50.0, 100.0, 50.0, '$2', 0.0, 50.0, 0.0, '$28', 50.0, 100.0, 50.0, 100.0, '$2', 50.0, '$9', 100.0, '$2', 50.0, '$26', 100.0, '$6', 150.0, 100.0, '$9', 150.0, '$2', 100.0, '$2', 50.0, '$15', 100.0, '$6', 50.0, 100.0, 50.0, '$3', 150.0, '$19', 100.0, 50.0, 100.0, 150.0, '$5', 100.0, '$2', 50.0, '$10', 100.0, '$4', 50.0, 100.0, 50.0, '$4', 100.0, '$14', 50.0, '$2', 100.0, '$4', 50.0, '$3', 100.0, '$3', 50.0, '$2', 100.0, '$2', 50.0, '$11', 100.0, 50.0, '$3', 100.0, '$2', 50.0, '$2', 100.0, '$34', 50.0]
[50.0, '$3', 100.0, '$11', 50.0, 0.0, '$3', 50.0, 100.0, '$19', 50.0, 100.0, '$3', 50.0, '$2', 100.0, '$6', 50.0, 0.0, '$6', 50.0, '$2', 0.0, 50.0, '$5', 0.0, '$8', 50.0, 100.0, '$13', 50.0, 0.0, '$2', 50.0, '$4', 0.0, '$3', 50.0, '$15', 0.0, 50.0, '$5', 0.0, '$4', 50.0, 100.0, 50.0, '$2', 100.0, 50.0, 100.0, '$4', 50.0, 0.0, '$7', 50.0, '$2', 100.0, '$11', 50.0, 100.0, '$3', 50.0, '$2', 100.0, '$4', 50.0, 100.0, '$2', 50.0, '$37', 100.0, '$6', 150.0, 100.0, '$11', 150.0, '$2', 100.0, 50.0, '$15', 100.0, '$4', 50.0, '$3', 100.0, '$2', 150.0, '$19', 100.0, '$3', 50.0, '$4', 100.0, '$5', 50.0, '$6', 100.0, '$7', 50.0, '$10', 100.0, '$10', 50.0, 100.0, '$12', 50.0, '$6', 100.0, '$2', 50.0, 100.0, '$2', 50.0, '$3', 100.0, '$5', 50.0, '$4', 100.0, '$2', 50.0, 100.0, '$30', 50.0]
['$3', 50.0, 100.0, '$5', 50.0, 0.0, '$5', 50.0, '$2', 0.0, '$2', 50.0, 100.0, '$17', 50.0, '$2', 100.0, '$4', 50.0, 100.0, '$2', 50.0, '$2', 100.0, '$6', 50.0, 100.0, 50.0, '$3', 0.0, '$3', 50.0, '$4', 0.0, '$7', 50.0, '$2', 100.0, '$5', 50.0, '$4', 0.0, 50.0, '$2', 0.0, '$4', 50.0, '$2', 0.0, '$5', 50.0, '$20', 0.0, '$6', 50.0, '$3', 100.0, '$2', 50.0, 0.0, '$2', 50.0, '$2', 0.0, '$22', 50.0, '$4', 100.0, '$4', 50.0, '$2', 100.0, 50.0, '$37', 100.0, '$6', 150.0, 100.0, '$5', 150.0, 100.0, '$6', 150.0, '$17', 100.0, '$3', 50.0, '$3', 100.0, 50.0, '$2', 150.0, '$16', 100.0, 50.0, '$12', 100.0, '$2', 50.0, '$2', 100.0, '$3', 150.0, '$2', 100.0, '$2', 50.0, '$4', 100.0, '$6', 50.0, '$5', 100.0, '$3', 50.0, '$3', 100.0, 50.0, '$2', 100.0, '$7', 50.0, '$3', 100.0, '$3', 50.0, '$5', 100.0, '$2', 50.0, '$6', 100.0, '$5', 50.0, '$5', 100.0, '$2', 50.0, 100.0, 50.0, 100.0, '$8', 50.0, 100.0, '$2', 50.0, 100.0, '$7', 50.0, '$2', 100.0, '$7', 50.0]
[0.0, 50.0, 100.0, 50.0, 100.0, '$4', 50.0, '$3', 0.0, '$22', 50.0, 100.0, '$2', 50.0, '$2', 100.0, 50.0, 100.0, '$6', 50.0, '$3', 100.0, '$4', 50.0, 0.0, '$8', 50.0, '$3', 0.0, '$8', 50.0, 100.0, '$7', 50.0, 0.0, 50.0, '$2', 0.0, '$5', 50.0, '$2', 0.0, '$5', 50.0, '$18', 0.0, 50.0, 0.0, '$2', 50.0, 0.0, 50.0, 100.0, '$4', 50.0, 0.0, '$3', 50.0, '$3', 0.0, '$7', 50.0, '$3', 100.0, '$3', 50.0, 0.0, '$7', 50.0, '$3', 100.0, 50.0, 100.0, 50.0, '$2', 100.0, '$2', 50.0, '$13', 100.0, '$2', 50.0, '$19', 100.0, '$2', 50.0, '$3', 100.0, '$6', 150.0, 100.0, '$14', 150.0, '$12', 100.0, 150.0, '$2', 100.0, 50.0, '$5', 100.0, 50.0, 100.0, 150.0, '$3', 100.0, '$3', 50.0, '$28', 100.0, 150.0, '$4', 100.0, 50.0, '$4', 100.0, '$5', 50.0, 100.0, '$3', 50.0, '$4', 100.0, '$2', 50.0, '$5', 100.0, '$9', 50.0, '$6', 100.0, 50.0, '$4', 100.0, 150.0, 100.0, '$3', 150.0, 100.0, '$3', 50.0, '$4', 100.0, '$5', 50.0, '$4', 100.0, '$4', 50.0, 100.0, '$5', 50.0, 100.0, '$7', 50.0, '$3', 100.0, '$6', 50.0]
['$2', 50.0, '$2', 100.0, '$2', 50.0, 0.0, 50.0, '$2', 0.0, 50.0, '$2', 0.0, '$3', 50.0, 100.0, '$4', 50.0, 0.0, '$12', 50.0, '$5', 100.0, 50.0, '$2', 100.0, '$12', 50.0, 0.0, '$7', 50.0, '$4', 0.0, 50.0, '$2', 0.0, '$10', 50.0, '$2', 0.0, '$2', 50.0, '$3', 0.0, '$4', 50.0, '$3', 0.0, '$5', 50.0, '$10', 0.0, 50.0, '$8', 0.0, '$5', 50.0, '$2', 100.0, '$5', 50.0, '$2', 100.0, 50.0, '$4', 0.0, '$6', 50.0, '$2', 100.0, 0.0, '$10', 50.0, 100.0, '$4', 50.0, '$3', 100.0, 50.0, '$14', 100.0, '$2', 50.0, '$20', 100.0, '$2', 50.0, '$2', 100.0, '$6', 150.0, 100.0, '$15', 150.0, '$11', 100.0, 150.0, '$10', 100.0, 150.0, '$8', 100.0, '$2', 50.0, '$16', 100.0, 150.0, '$15', 100.0, '$7', 50.0, '$2', 100.0, '$2', 50.0, '$3', 100.0, '$2', 50.0, '$4', 100.0, '$10', 50.0, '$2', 100.0, '$5', 50.0, 100.0, 50.0, '$21', 100.0, '$2', 50.0, '$2', 100.0, '$2', 50.0, 100.0, '$15', 50.0, '$6', 100.0, '$3', 50.0]
['$2', 50.0, '$4', 100.0, 50.0, '$2', 100.0, 50.0, '$3', 0.0, 50.0, 0.0, '$17', 50.0, '$7', 100.0, '$13', 50.0, 100.0, 50.0, '$2', 0.0, '$7', 50.0, '$5', 0.0, '$6', 50.0, '$2', 0.0, '$4', 50.0, 0.0, '$2', 50.0, '$2', 0.0, '$4', 50.0, '$3', 0.0, '$4', 50.0, 0.0, '$2', 50.0, '$18', 0.0, '$5', 50.0, '$2', 100.0, '$3', 50.0, '$2', 100.0, 50.0, 100.0, 50.0, '$2', 0.0, '$5', 50.0, '$3', 100.0, '$4', 50.0, 0.0, '$10', 50.0, '$44', 100.0, 50.0, '$3', 100.0, '$4', 150.0, 100.0, '$17', 150.0, '$21', 100.0, '$2', 150.0, '$5', 100.0, '$3', 50.0, '$8', 100.0, '$2', 50.0, '$2', 100.0, '$2', 50.0, '$15', 100.0, 50.0, 100.0, 50.0, 150.0, '$3', 100.0, 50.0, 100.0, '$2', 50.0, '$3', 100.0, '$5', 50.0, '$4', 100.0, '$6', 50.0, '$6', 100.0, '$2', 50.0, 100.0, '$3', 50.0, 100.0, '$6', 50.0, 100.0, 50.0, '$8', 100.0, 150.0, '$6', 100.0, '$2', 50.0, '$2', 100.0, '$17', 50.0, '$8', 100.0, 50.0]
['$3', 50.0, '$7', 100.0, 50.0, 0.0, '$2', 50.0, '$2', 0.0, '$2', 50.0, 0.0, '$2', 50.0, 100.0, 50.0, 0.0, '$10', 50.0, '$9', 100.0, '$10', 50.0, 100.0, '$2', 50.0, 0.0, '$6', 50.0, '$5', 0.0, 50.0, 0.0, '$2', 50.0, 0.0, 50.0, 100.0, '$3', 50.0, 0.0, '$3', 50.0, '$3', 0.0, '$4', 50.0, '$3', 0.0, 50.0, 0.0, 50.0, '$3', 0.0, '$6', 50.0, '$13', 0.0, '$5', 50.0, '$2', 100.0, '$4', 50.0, 100.0, '$2', 50.0, 0.0, '$2', 50.0, '$2', 0.0, '$3', 50.0, '$3', 100.0, '$14', 50.0, '$45', 100.0, 50.0, '$3', 100.0, '$23', 150.0, '$20', 100.0, 150.0, 100.0, '$2', 50.0, '$2', 100.0, '$2', 50.0, '$10', 100.0, '$2', 50.0, '$2', 100.0, 50.0, '$14', 100.0, '$3', 50.0, '$3', 100.0, '$2', 150.0, 100.0, '$3', 50.0, 100.0, 50.0, '$3', 100.0, '$4', 50.0, '$3', 100.0, 50.0, 100.0, '$5', 50.0, '$3', 100.0, '$9', 50.0, '$2', 100.0, '$5', 50.0, 100.0, '$4', 50.0, '$7', 100.0, '$2', 50.0, 100.0, '$22', 50.0, '$9', 100.0, 50.0]
[50.0, 100.0, '$2', 50.0, '$2', 100.0, '$2', 50.0, '$2', 100.0, '$25', 50.0, '$8', 100.0, '$3', 50.0, 0.0, '$7', 50.0, 100.0, 50.0, '$2', 0.0, '$5', 50.0, '$5', 0.0, '$4', 50.0, 0.0, 50.0, '$2', 100.0, '$2', 50.0, '$5', 0.0, '$5', 50.0, '$8', 0.0, '$8', 50.0, '$13', 0.0, '$5', 50.0, '$2', 100.0, '$3', 50.0, 100.0, '$2', 50.0, '$2', 0.0, 50.0, '$3', 0.0, 50.0, 0.0, 50.0, '$2', 100.0, 50.0, 100.0, 50.0, 0.0, '$3', 50.0, '$2', 100.0, '$6', 50.0, '$3', 100.0, '$2', 50.0, '$2', 100.0, '$2', 50.0, '$11', 100.0, '$2', 150.0, '$23', 100.0, 50.0, '$3', 100.0, '$24', 150.0, '$19', 100.0, 150.0, 100.0, 50.0, '$4', 100.0, 50.0, '$5', 100.0, 50.0, '$4', 100.0, '$2', 50.0, '$7', 100.0, 50.0, 100.0, 50.0, '$8', 100.0, 50.0, '$9', 100.0, 50.0, '$7', 100.0, 50.0, '$3', 100.0, '$2', 50.0, 100.0, '$2', 50.0, '$3', 100.0, 50.0, '$2', 100.0, '$9', 50.0, '$6', 100.0, '$8', 50.0, '$5', 100.0, '$2', 50.0, '$2', 100.0, '$21', 50.0, '$4', 100.0, '$6', 50.0]
['$2', 100.0, '$2', 50.0, 100.0, 150.0, '$5', 100.0, 50.0, 0.0, '$8', 50.0, '$2', 0.0, '$6', 50.0, '$3', 0.0, '$7', 50.0, '$5', 100.0, '$9', 50.0, 100.0, '$2', 50.0, '$2', 0.0, '$5', 50.0, '$4', 0.0, '$5', 50.0, '$2', 0.0, '$4', 50.0, '$5', 0.0, '$4', 50.0, '$3', 0.0, 50.0, '$5', 0.0, 50.0, 0.0, '$2', 50.0, '$6', 0.0, '$2', 50.0, '$9', 0.0, '$14', 50.0, '$2', 0.0, 50.0, 0.0, '$3', 50.0, 100.0, '$2', 150.0, '$2', 100.0, 50.0, 0.0, '$16', 50.0, '$3', 100.0, 150.0, '$11', 100.0, '$2', 150.0, '$11', 100.0, '$5', 50.0, '$12', 100.0, '$24', 150.0, '$18', 100.0, 150.0, 100.0, 50.0, '$6', 100.0, 150.0, '$2', 100.0, 50.0, '$5', 100.0, '$3', 50.0, 100.0, '$3', 50.0, '$6', 100.0, '$3', 50.0, '$12', 100.0, '$2', 150.0, '$4', 100.0, 50.0, '$3', 100.0, '$2', 50.0, '$2', 100.0, '$6', 50.0, '$4', 100.0, '$10', 50.0, 100.0, 50.0, '$7', 100.0, '$30', 50.0, 100.0, '$12', 50.0, '$2', 100.0]
['$4', 100.0, 50.0, 100.0, 50.0, 100.0, '$2', 150.0, 100.0, 50.0, '$2', 0.0, '$5', 50.0, 0.0, '$3', 50.0, 0.0, '$4', 50.0, '$5', 0.0, '$6', 50.0, 0.0, '$3', 50.0, 100.0, '$5', 50.0, 100.0, '$3', 50.0, 100.0, '$9', 50.0, '$3', 0.0, '$13', 50.0, 0.0, 50.0, '$2', 0.0, 50.0, '$14', 0.0, '$2', 50.0, '$5', 0.0, '$3', 50.0, '$3', 0.0, 50.0, 0.0, 50.0, '$3', 0.0, '$4', 50.0, 0.0, '$10', 50.0, 0.0, '$6', 50.0, '$2', 100.0, '$2', 150.0, '$12', 50.0, '$2', 100.0, '$3', 50.0, '$4', 100.0, 150.0, '$7', 100.0, 50.0, '$2', 100.0, '$4', 150.0, '$10', 100.0, '$5', 50.0, '$12', 100.0, '$11', 150.0, 100.0, '$9', 150.0, '$3', 100.0, 150.0, '$17', 100.0, 150.0, 100.0, 50.0, '$6', 100.0, 150.0, '$5', 100.0, 150.0, '$2', 100.0, '$4', 50.0, '$2', 100.0, 50.0, '$6', 100.0, '$3', 50.0, '$3', 100.0, 150.0, 100.0, 50.0, '$2', 100.0, '$2', 50.0, '$7', 100.0, '$9', 50.0, '$2', 100.0, 50.0, '$5', 100.0, 50.0, 100.0, '$6', 50.0, '$2', 100.0, '$2', 50.0, 100.0, '$2', 50.0, '$6', 100.0, '$4', 50.0, 100.0, '$3', 50.0, '$2', 100.0, '$2', 50.0, 0.0, '$2', 50.0, 100.0, '$14', 50.0, '$2', 100.0, '$2', 50.0, 100.0, '$10', 50.0]
['$3', 150.0, '$2', 100.0, '$3', 50.0, '$2', 100.0, '$2', 50.0, '$2', 0.0, '$5', 50.0, 0.0, '$3', 50.0, '$2', 0.0, '$3', 50.0, '$4', 0.0, '$13', 50.0, '$3', 100.0, 50.0, '$2', 100.0, '$2', 50.0, 100.0, '$3', 50.0, 100.0, '$2', 50.0, '$6', 0.0, '$13', 50.0, 0.0, 50.0, '$8', 0.0, 50.0, '$3', 0.0, 50.0, '$2', 0.0, 50.0, '$2', 0.0, 50.0, '$5', 0.0, 50.0, 0.0, '$5', 50.0, 0.0, 50.0, 0.0, 50.0, 0.0, '$3', 50.0, '$4', 0.0, 50.0, 0.0, '$6', 50.0, '$3', 0.0, 50.0, 100.0, 50.0, 0.0, '$4', 50.0, 0.0, '$4', 50.0, 0.0, '$3', 50.0, '$2', 100.0, 50.0, '$2', 100.0, 50.0, '$4', 100.0, '$2', 50.0, 100.0, 50.0, '$9', 100.0, '$7', 150.0, '$18', 100.0, 50.0, '$5', 100.0, '$10', 150.0, '$2', 100.0, 150.0, '$6', 100.0, '$2', 150.0, '$7', 100.0, 50.0, '$13', 100.0, 150.0, 50.0, '$3', 100.0, '$2', 150.0, '$11', 100.0, '$4', 50.0, '$2', 100.0, '$2', 50.0, '$17', 100.0, 50.0, 100.0, 150.0, 100.0, '$11', 50.0, 100.0, 50.0, '$4', 100.0, 150.0, '$6', 100.0, 50.0, '$2', 100.0, 50.0, '$6', 100.0, '$4', 50.0, '$3', 100.0, 50.0, 100.0, 50.0, '$5', 100.0, '$5', 50.0, 0.0, '$16', 50.0, '$7', 100.0, '$4', 50.0, '$2', 100.0, '$3', 50.0]
['$4', 100.0, 50.0, 100.0, '$2', 50.0, '$3', 0.0, 50.0, '$3', 0.0, '$17', 50.0, 0.0, '$14', 50.0, '$4', 100.0, '$11', 50.0, '$4', 0.0, '$2', 50.0, 0.0, '$4', 50.0, '$3', 0.0, '$3', 50.0, '$8', 0.0, '$4', 50.0, '$4', 0.0, '$3', 50.0, '$9', 0.0, '$2', 50.0, '$2', 0.0, 50.0, '$3', 0.0, '$2', 50.0, 0.0, '$2', 50.0, '$3', 0.0, '$2', 50.0, 0.0, '$3', 50.0, 0.0, '$2', 50.0, '$4', 0.0, '$16', 50.0, 100.0, '$3', 50.0, 100.0, 50.0, 100.0, '$3', 50.0, '$3', 100.0, '$5', 50.0, '$6', 100.0, '$5', 150.0, '$19', 100.0, 50.0, '$5', 100.0, '$7', 150.0, 200.0, 150.0, '$4', 100.0, '$3', 150.0, '$9', 100.0, 150.0, '$2', 100.0, 50.0, '$12', 100.0, '$2', 150.0, 50.0, '$12', 100.0, 50.0, '$3', 100.0, '$4', 50.0, '$8', 100.0, 50.0, '$12', 100.0, 50.0, 100.0, 150.0, '$2', 100.0, '$9', 50.0, '$6', 100.0, '$2', 50.0, '$8', 100.0, 50.0, '$6', 100.0, '$5', 50.0, '$3', 100.0, '$3', 50.0, '$5', 100.0, '$5', 50.0, 100.0, '$10', 50.0, 100.0, '$4', 50.0, '$7', 100.0, '$10', 50.0]
[50.0, '$3', 100.0, '$6', 50.0, '$2', 0.0, '$2', 50.0, 0.0, '$2', 50.0, 0.0, 50.0, '$2', 0.0, '$11', 50.0, 0.0, '$10', 50.0, 0.0, '$18', 50.0, '$4', 0.0, '$2', 50.0, '$2', 0.0, '$2', 50.0, '$4', 0.0, 50.0, '$2', 0.0, '$3', 50.0, '$4', 0.0, '$3', 50.0, '$4', 0.0, '$3', 50.0, 0.0, '$5', 50.0, '$3', 0.0, 50.0, '$7', 0.0, '$15', 50.0, '$2', 0.0, '$2', 50.0, '$4', 0.0, '$10', 50.0, 0.0, 50.0, 100.0, 50.0, 0.0, '$9', 50.0, '$2', 100.0, '$6', 50.0, 100.0, 50.0, '$7', 100.0, '$5', 150.0, '$17', 100.0, '$3', 50.0, '$4', 100.0, '$7', 150.0, '$2', 200.0, 150.0, '$3', 100.0, '$3', 150.0, '$8', 100.0, '$2', 150.0, '$3', 100.0, '$2', 50.0, '$10', 100.0, 150.0, 100.0, 50.0, '$12', 100.0, 150.0, '$5', 100.0, 50.0, '$8', 100.0, '$5', 50.0, '$2', 100.0, 50.0, 100.0, 50.0, '$7', 100.0, 50.0, '$2', 100.0, 50.0, 100.0, '$4', 50.0, '$12', 100.0, 150.0, '$4', 100.0, 50.0, '$4', 100.0, '$4', 50.0, 100.0, '$2', 50.0, '$5', 100.0, 50.0, '$2', 100.0, '$6', 50.0, '$2', 100.0, 50.0, 100.0, '$16', 50.0, '$3', 100.0, '$11', 50.0, '$2', 100.0]
['$10', 50.0, 0.0, '$6', 50.0, '$4', 0.0, '$3', 50.0, 0.0, '$9', 50.0, 0.0, '$9', 50.0, 0.0, '$5', 50.0, '$2', 100.0, '$5', 50.0, '$2', 0.0, '$3', 50.0, '$4', 0.0, '$2', 50.0, '$2', 0.0, '$2', 50.0, '$4', 0.0, 50.0, '$2', 0.0, '$3', 50.0, '$3', 0.0, '$3', 50.0, '$5', 0.0, '$3', 50.0, '$3', 0.0, '$3', 50.0, '$2', 0.0, '$3', 50.0, '$2', 0.0, '$2', 50.0, '$2', 0.0, '$14', 50.0, '$2', 0.0, '$4', 50.0, '$2', 0.0, '$7', 50.0, 0.0, '$6', 50.0, 100.0, '$6', 50.0, '$2', 0.0, '$5', 50.0, 0.0, '$6', 50.0, '$11', 100.0, '$2', 150.0, '$10', 100.0, '$3', 50.0, '$3', 100.0, '$3', 50.0, '$4', 100.0, '$4', 150.0, 200.0, '$3', 150.0, 200.0, 150.0, '$13', 100.0, 50.0, 100.0, 150.0, '$2', 50.0, '$13', 100.0, 150.0, '$5', 100.0, 50.0, '$2', 100.0, 50.0, '$3', 100.0, 50.0, 100.0, '$2', 150.0, '$3', 100.0, 150.0, '$4', 100.0, 50.0, 100.0, '$4', 50.0, 100.0, 50.0, '$2', 0.0, '$2', 50.0, 100.0, 50.0, '$7', 100.0, 50.0, '$2', 100.0, '$8', 50.0, '$2', 100.0, 50.0, '$4', 100.0, 50.0, '$2', 100.0, 150.0, '$5', 100.0, 50.0, '$4', 100.0, '$2', 50.0, '$2', 100.0, '$3', 50.0, '$9', 100.0, '$23', 50.0, 100.0, '$17', 50.0]
[0.0, '$5', 50.0, '$4', 0.0, '$7', 50.0, '$6', 0.0, '$11', 50.0, '$2', 0.0, '$13', 50.0, '$3', 100.0, '$10', 50.0, '$4', 0.0, '$2', 50.0, 0.0, '$3', 50.0, '$3', 0.0, '$2', 50.0, '$8', 0.0, '$3', 50.0, '$5', 0.0, 50.0, '$2', 0.0, '$2', 50.0, 0.0, '$2', 50.0, '$4', 0.0, '$3', 50.0, 0.0, '$4', 50.0, '$5', 0.0, '$8', 50.0, 0.0, '$9', 50.0, '$3', 0.0, '$2', 50.0, 0.0, '$22', 50.0, 0.0, '$6', 50.0, '$11', 100.0, 150.0, '$10', 100.0, '$3', 50.0, '$2', 100.0, '$4', 50.0, '$5', 100.0, '$3', 150.0, '$3', 200.0, 150.0, 200.0, 150.0, '$9', 100.0, '$6', 50.0, 100.0, '$3', 50.0, '$11', 100.0, '$2', 150.0, '$8', 100.0, 50.0, '$3', 100.0, 50.0, '$15', 100.0, 50.0, '$3', 100.0, 50.0, 100.0, '$2', 50.0, '$3', 100.0, 150.0, '$5', 100.0, 50.0, '$2', 100.0, '$2', 50.0, '$2', 100.0, '$5', 50.0, '$3', 100.0, 50.0, '$10', 100.0, 50.0, '$9', 100.0, '$6', 50.0, '$3', 100.0, '$12', 50.0, '$2', 100.0, '$11', 50.0, '$2', 100.0, '$17', 50.0]
['$2', 0.0, '$6', 50.0, 0.0, '$10', 50.0, '$2', 0.0, '$2', 50.0, '$3', 0.0, '$7', 50.0, '$6', 0.0, '$9', 50.0, 100.0, 50.0, '$3', 100.0, '$6', 50.0, 0.0, '$2', 50.0, '$7', 0.0, '$2', 50.0, '$3', 0.0, '$3', 50.0, '$8', 0.0, '$2', 50.0, 0.0, 50.0, '$7', 0.0, '$6', 50.0, '$2', 0.0, '$3', 50.0, '$2', 0.0, 50.0, '$5', 0.0, '$9', 50.0, 0.0, '$10', 50.0, '$4', 0.0, 50.0, '$2', 0.0, 50.0, 100.0, '$9', 50.0, '$2', 0.0, 50.0, 100.0, '$14', 50.0, '$19', 100.0, '$13', 50.0, '$4', 100.0, 150.0, 100.0, 150.0, '$3', 200.0, 150.0, '$2', 200.0, 100.0, '$4', 50.0, '$3', 100.0, '$4', 50.0, '$2', 100.0, '$6', 50.0, '$4', 100.0, '$3', 50.0, '$3', 100.0, '$2', 150.0, '$3', 100.0, 50.0, '$12', 100.0, 50.0, '$3', 100.0, 50.0, '$5', 100.0, '$2', 50.0, 100.0, '$3', 50.0, '$2', 100.0, '$3', 50.0, '$6', 100.0, '$2', 50.0, 100.0, '$3', 50.0, 100.0, 50.0, '$6', 100.0, '$2', 50.0, '$4', 100.0, '$2', 50.0, '$3', 100.0, 50.0, 100.0, 50.0, 100.0, '$2', 50.0, 100.0, 50.0, '$8', 100.0, '$3', 50.0, '$3', 100.0, '$11', 50.0, '$2', 100.0, '$24', 50.0, '$2', 100.0, '$5', 50.0]
['$3', 50.0, 0.0, '$3', 50.0, '$3', 0.0, '$9', 50.0, '$2', 0.0, '$2', 50.0, '$4', 0.0, '$10', 50.0, '$3', 0.0, '$7', 50.0, '$6', 100.0, '$6', 50.0, 0.0, '$3', 50.0, '$5', 0.0, '$3', 50.0, '$4', 0.0, 50.0, '$2', 0.0, '$2', 50.0, '$15', 0.0, '$4', 50.0, '$2', 0.0, 50.0, '$2', 0.0, 50.0, '$10', 0.0, '$4', 50.0, '$9', 0.0, '$9', 50.0, 0.0, 50.0, '$2', 0.0, '$13', 50.0, 0.0, '$11', 50.0, 0.0, '$4', 50.0, '$19', 100.0, '$4', 50.0, '$2', 100.0, '$2', 50.0, 100.0, '$2', 50.0, '$4', 100.0, 50.0, 100.0, 150.0, 100.0, 150.0, '$5', 200.0, 150.0, 100.0, '$9', 50.0, '$4', 100.0, '$7', 50.0, 100.0, 150.0, '$3', 100.0, 50.0, '$2', 100.0, '$2', 150.0, '$7', 100.0, 50.0, '$12', 100.0, '$2', 50.0, '$3', 100.0, '$3', 50.0, '$2', 100.0, '$3', 50.0, '$3', 100.0, '$2', 50.0, '$4', 100.0, '$7', 50.0, 100.0, '$3', 50.0, '$13', 100.0, 50.0, '$2', 100.0, 50.0, '$3', 100.0, 50.0, '$12', 100.0, 50.0, '$5', 100.0, '$10', 50.0, 100.0, '$11', 50.0, '$2', 100.0, 50.0, 100.0, '$17', 50.0]
['$3', 50.0, '$6', 0.0, '$12', 50.0, 0.0, '$3', 50.0, '$2', 0.0, '$10', 50.0, 0.0, 50.0, 0.0, '$5', 50.0, '$3', 100.0, 50.0, '$4', 100.0, '$6', 50.0, 0.0, '$3', 50.0, '$5', 0.0, '$3', 50.0, '$3', 0.0, '$2', 50.0, 0.0, 50.0, '$16', 0.0, '$2', 50.0, '$2', 0.0, 50.0, 0.0, '$2', 50.0, '$2', 0.0, '$2', 50.0, '$12', 0.0, '$2', 50.0, 0.0, '$2', 50.0, '$6', 0.0, '$9', 50.0, '$2', 0.0, '$3', 50.0, 0.0, '$24', 50.0, 100.0, '$2', 50.0, '$8', 100.0, '$4', 150.0, '$6', 100.0, '$5', 50.0, '$2', 100.0, 50.0, '$2', 100.0, 50.0, 100.0, '$4', 50.0, '$4', 100.0, 150.0, '$5', 200.0, 150.0, 100.0, '$7', 50.0, '$6', 100.0, '$7', 50.0, 100.0, 150.0, '$2', 100.0, 150.0, '$2', 100.0, '$3', 150.0, '$7', 100.0, 150.0, '$7', 100.0, '$2', 150.0, '$8', 100.0, '$3', 50.0, 100.0, '$2', 50.0, 100.0, 50.0, '$8', 100.0, 150.0, 100.0, 50.0, 100.0, '$4', 50.0, '$4', 100.0, 50.0, 100.0, '$3', 50.0, '$8', 100.0, 50.0, '$5', 100.0, 50.0, '$2', 100.0, '$2', 150.0, '$5', 100.0, 50.0, '$2', 100.0, 150.0, '$6', 100.0, '$5', 50.0, '$3', 100.0, '$17', 50.0, '$2', 100.0, '$16', 50.0]
[0.0, '$2', 50.0, 0.0, '$2', 50.0, 0.0, '$3', 50.0, 0.0, '$5', 50.0, 0.0, '$2', 50.0, '$3', 0.0, '$15', 50.0, 0.0, 50.0, 0.0, '$10', 50.0, 100.0, 50.0, '$3', 100.0, '$4', 50.0, 0.0, '$3', 50.0, '$4', 0.0, '$4', 50.0, '$3', 0.0, '$2', 50.0, '$4', 0.0, 50.0, '$2', 0.0, '$2', 50.0, '$15', 0.0, '$2', 50.0, '$16', 0.0, '$2', 50.0, '$2', 0.0, 50.0, '$3', 0.0, '$2', 50.0, '$2', 0.0, '$8', 50.0, 0.0, '$32', 50.0, '$8', 100.0, '$4', 150.0, '$6', 100.0, '$11', 50.0, '$2', 100.0, 50.0, '$6', 100.0, '$2', 150.0, '$2', 200.0, '$3', 150.0, 100.0, 50.0, '$4', 100.0, 50.0, '$8', 100.0, '$6', 50.0, 100.0, 150.0, 100.0, 50.0, '$2', 100.0, '$4', 150.0, '$7', 100.0, 150.0, '$8', 100.0, '$2', 150.0, '$5', 100.0, '$4', 50.0, '$3', 100.0, 50.0, '$2', 100.0, '$4', 50.0, '$7', 100.0, '$7', 50.0, '$3', 100.0, '$4', 50.0, '$2', 100.0, '$2', 50.0, '$13', 100.0, '$2', 50.0, '$4', 100.0, '$2', 50.0, '$10', 100.0, '$3', 50.0, '$3', 100.0, '$32', 50.0, '$4', 100.0]
['$4', 50.0, 0.0, 50.0, '$7', 0.0, '$3', 50.0, '$2', 0.0, '$9', 50.0, 100.0, '$9', 50.0, '$3', 0.0, 50.0, '$2', 0.0, '$6', 50.0, 100.0, 50.0, '$3', 100.0, 50.0, 100.0, '$3', 50.0, 0.0, '$3', 50.0, '$6', 0.0, '$2', 50.0, '$3', 0.0, '$2', 50.0, '$7', 0.0, '$2', 50.0, 0.0, '$2', 50.0, 0.0, 50.0, 0.0, '$3', 50.0, '$6', 0.0, '$3', 50.0, '$3', 0.0, '$2', 50.0, '$2', 0.0, 50.0, '$6', 0.0, 50.0, '$8', 0.0, '$2', 50.0, '$2', 0.0, '$6', 50.0, '$2', 0.0, '$29', 50.0, 0.0, '$3', 50.0, '$10', 100.0, '$2', 150.0, '$6', 100.0, '$4', 50.0, '$16', 100.0, '$8', 150.0, 100.0, 50.0, '$2', 100.0, '$3', 50.0, '$2', 100.0, 50.0, '$2', 100.0, '$9', 50.0, '$2', 100.0, '$2', 50.0, '$2', 100.0, '$4', 150.0, '$22', 100.0, '$3', 50.0, '$5', 100.0, 50.0, '$2', 100.0, '$2', 50.0, '$2', 100.0, 50.0, '$2', 100.0, '$6', 50.0, 0.0, '$4', 50.0, '$4', 100.0, '$2', 50.0, '$2', 100.0, '$2', 50.0, '$13', 100.0, '$2', 50.0, '$4', 100.0, '$6', 50.0, '$4', 100.0, '$2', 150.0, 100.0, '$2', 50.0, '$5', 100.0, '$21', 50.0, 0.0, '$8', 50.0, '$4', 100.0]
['$7', 50.0, 0.0, '$2', 50.0, 0.0, '$8', 50.0, 0.0, '$2', 50.0, 0.0, '$5', 50.0, 100.0, '$7', 50.0, '$11', 0.0, '$5', 50.0, '$4', 100.0, 50.0, '$2', 100.0, '$4', 50.0, '$6', 0.0, '$2', 50.0, '$2', 0.0, '$2', 50.0, '$6', 0.0, 50.0, '$2', 0.0, '$7', 50.0, 0.0, 50.0, '$3', 0.0, 50.0, '$3', 0.0, '$8', 50.0, '$2', 0.0, '$3', 50.0, '$4', 0.0, '$2', 50.0, '$9', 0.0, 50.0, '$4', 0.0, 50.0, 100.0, 50.0, '$2', 0.0, '$5', 50.0, 0.0, '$23', 50.0, 0.0, '$2', 50.0, '$7', 100.0, 150.0, '$2', 100.0, '$3', 150.0, '$26', 100.0, '$8', 150.0, 100.0, '$2', 50.0, '$2', 100.0, '$2', 50.0, 100.0, 50.0, 100.0, 50.0, 100.0, '$9', 50.0, '$2', 100.0, '$2', 50.0, '$2', 100.0, '$4', 150.0, 100.0, 50.0, '$21', 100.0, '$2', 50.0, 100.0, '$6', 50.0, 100.0, '$5', 50.0, '$4', 100.0, '$2', 50.0, 100.0, '$2', 50.0, 100.0, 50.0, '$2', 100.0, 50.0, '$13', 100.0, 50.0, '$7', 100.0, 150.0, '$3', 100.0, 50.0, '$3', 100.0, '$8', 50.0, '$12', 100.0, '$33', 50.0]
['$3', 50.0, 0.0, '$3', 50.0, '$2', 0.0, 50.0, 0.0, 50.0, '$3', 0.0, '$2', 50.0, '$3', 0.0, '$6', 50.0, 0.0, '$15', 50.0, '$4', 0.0, '$5', 50.0, '$7', 100.0, '$5', 50.0, '$6', 0.0, '$2', 50.0, '$2', 0.0, '$2', 50.0, '$4', 0.0, 50.0, '$2', 0.0, '$6', 50.0, '$4', 0.0, '$6', 50.0, 0.0, 50.0, 0.0, '$8', 50.0, '$3', 0.0, '$3', 50.0, '$11', 0.0, 50.0, 0.0, 50.0, '$4', 0.0, 50.0, 100.0, 50.0, '$2', 0.0, '$2', 50.0, 0.0, '$2', 50.0, 0.0, '$2', 50.0, '$2', 0.0, '$22', 50.0, '$6', 100.0, '$7', 150.0, '$5', 100.0, 50.0, '$7', 100.0, 150.0, '$13', 100.0, '$7', 150.0, '$3', 50.0, '$2', 100.0, 50.0, '$4', 100.0, '$4', 50.0, 100.0, '$6', 50.0, '$2', 100.0, '$2', 50.0, '$2', 100.0, '$4', 150.0, '$2', 50.0, '$2', 100.0, 50.0, '$25', 100.0, '$10', 50.0, '$2', 100.0, '$2', 50.0, 100.0, '$2', 50.0, 100.0, 50.0, '$2', 100.0, 50.0, '$13', 100.0, 50.0, 100.0, 150.0, '$8', 100.0, '$2', 50.0, '$3', 100.0, '$7', 50.0, '$3', 100.0, '$6', 50.0, '$5', 100.0, 50.0, '$2', 100.0, '$29', 50.0]
['$2', 50.0, 0.0, '$4', 50.0, '$2', 0.0, '$2', 50.0, '$5', 0.0, '$3', 50.0, '$7', 0.0, '$25', 50.0, '$6', 100.0, '$4', 50.0, 100.0, 50.0, '$6', 0.0, '$3', 50.0, 0.0, '$2', 50.0, '$4', 0.0, '$6', 50.0, '$2', 0.0, '$2', 50.0, '$2', 0.0, '$4', 50.0, 0.0, '$4', 50.0, 0.0, '$9', 50.0, 0.0, '$2', 50.0, 0.0, 50.0, 0.0, 50.0, '$2', 0.0, '$2', 50.0, '$2', 0.0, 50.0, '$2', 0.0, 50.0, 0.0, '$2', 50.0, '$3', 0.0, '$8', 50.0, 0.0, '$6', 50.0, 0.0, '$21', 50.0, '$4', 100.0, '$2', 150.0, 100.0, '$7', 150.0, '$4', 100.0, '$2', 50.0, '$2', 100.0, 50.0, '$17', 100.0, '$7', 150.0, '$2', 50.0, '$3', 100.0, '$2', 50.0, '$2', 100.0, '$2', 50.0, '$2', 100.0, '$2', 50.0, 100.0, '$9', 50.0, '$2', 100.0, '$2', 150.0, 200.0, 150.0, '$4', 100.0, 50.0, '$2', 100.0, 50.0, '$10', 100.0, 50.0, '$2', 150.0, '$9', 100.0, '$15', 50.0, '$5', 100.0, '$3', 50.0, 100.0, 50.0, '$10', 100.0, 50.0, '$2', 100.0, 150.0, '$5', 100.0, '$4', 50.0, '$3', 100.0, '$15', 50.0, '$6', 100.0, 50.0, '$3', 100.0, '$7', 50.0, '$4', 100.0, '$17', 50.0]
['$2', 50.0, 0.0, '$4', 50.0, '$2', 0.0, '$2', 50.0, '$2', 0.0, '$2', 50.0, 0.0, 50.0, 0.0, 50.0, '$8', 0.0, '$23', 50.0, '$6', 100.0, '$8', 50.0, '$5', 0.0, '$2', 50.0, '$2', 0.0, '$5', 50.0, '$3', 0.0, '$8', 50.0, 0.0, '$5', 50.0, '$2', 0.0, 50.0, '$3', 0.0, '$3', 50.0, '$2', 0.0, '$4', 50.0, '$6', 0.0, '$2', 50.0, 0.0, '$2', 50.0, '$2', 0.0, '$4', 50.0, '$2', 0.0, 50.0, '$3', 0.0, 50.0, 0.0, '$19', 50.0, 0.0, '$15', 50.0, '$3', 100.0, '$11', 150.0, '$8', 100.0, 50.0, '$3', 100.0, 150.0, '$2', 100.0, '$2', 150.0, 100.0, '$6', 150.0, '$2', 100.0, '$7', 150.0, '$2', 50.0, '$3', 100.0, '$4', 50.0, '$3', 100.0, 50.0, '$2', 100.0, '$10', 50.0, '$2', 100.0, '$2', 150.0, 200.0, 150.0, 100.0, '$2', 50.0, '$2', 100.0, '$4', 50.0, '$5', 100.0, '$5', 50.0, 100.0, 150.0, 100.0, 50.0, '$8', 100.0, '$14', 50.0, '$9', 100.0, 50.0, '$3', 100.0, 50.0, '$16', 100.0, '$4', 50.0, '$2', 100.0, '$3', 50.0, 100.0, '$2', 50.0, '$2', 100.0, '$5', 50.0, '$6', 100.0, 150.0, 100.0, 50.0, 100.0, '$2', 150.0, '$4', 100.0, 50.0, '$2', 100.0, '$3', 150.0, '$2', 100.0, 50.0, '$3', 100.0, '$5', 50.0, 100.0, '$3', 50.0, '$3', 100.0]
['$9', 0.0, 50.0, '$2', 0.0, '$2', 50.0, '$2', 0.0, '$3', 50.0, 0.0, '$2', 50.0, '$5', 0.0, '$22', 50.0, '$6', 100.0, '$2', 50.0, 0.0, '$6', 50.0, '$5', 0.0, '$2', 50.0, '$3', 0.0, '$3', 50.0, '$8', 0.0, '$2', 50.0, '$4', 0.0, '$4', 50.0, '$6', 0.0, 50.0, 0.0, 50.0, '$2', 0.0, '$4', 50.0, '$6', 0.0, '$2', 50.0, '$3', 0.0, '$7', 50.0, 0.0, 50.0, '$3', 0.0, 50.0, 0.0, '$9', 50.0, 0.0, '$9', 50.0, 0.0, '$12', 50.0, '$2', 0.0, '$4', 100.0, '$12', 150.0, '$11', 100.0, '$13', 150.0, 100.0, '$6', 150.0, 100.0, '$6', 50.0, '$6', 100.0, '$2', 50.0, '$2', 100.0, '$9', 50.0, '$2', 100.0, 150.0, '$2', 200.0, 150.0, 100.0, '$5', 50.0, '$2', 100.0, 50.0, '$3', 100.0, 50.0, '$4', 100.0, 50.0, '$2', 100.0, '$2', 50.0, '$2', 100.0, '$3', 50.0, '$5', 100.0, '$9', 50.0, 100.0, '$6', 50.0, '$5', 100.0, '$2', 50.0, '$8', 100.0, 50.0, '$2', 100.0, '$2', 50.0, '$7', 100.0, '$9', 50.0, 100.0, 50.0, '$2', 100.0, '$5', 50.0, 100.0, 50.0, '$5', 100.0, '$2', 150.0, '$3', 100.0, '$3', 150.0, '$2', 100.0, 50.0, 100.0, 50.0, '$2', 100.0, 50.0, '$13', 100.0, 50.0, '$4', 100.0]
['$8', 0.0, '$2', 50.0, 0.0, '$2', 50.0, '$3', 0.0, '$4', 50.0, '$8', 0.0, '$21', 50.0, '$6', 100.0, '$2', 50.0, 0.0, '$8', 50.0, '$3', 0.0, '$2', 50.0, '$2', 0.0, '$2', 50.0, '$11', 0.0, '$2', 50.0, '$4', 0.0, 50.0, 0.0, 50.0, '$9', 0.0, 50.0, 0.0, '$6', 50.0, '$5', 0.0, '$5', 50.0, '$2', 0.0, 50.0, '$2', 0.0, '$4', 50.0, 0.0, '$2', 50.0, 0.0, '$7', 50.0, '$3', 0.0, '$19', 50.0, 0.0, '$4', 50.0, '$4', 100.0, '$13', 150.0, '$7', 100.0, '$13', 150.0, '$2', 200.0, '$8', 150.0, 100.0, 50.0, 100.0, '$12', 50.0, '$3', 100.0, '$8', 50.0, '$2', 100.0, 150.0, 200.0, 150.0, 100.0, '$5', 50.0, '$7', 100.0, 50.0, '$7', 100.0, '$2', 50.0, '$2', 100.0, 50.0, '$2', 100.0, '$12', 50.0, 100.0, '$4', 50.0, 100.0, '$2', 50.0, '$3', 100.0, '$2', 150.0, 100.0, '$2', 50.0, '$6', 100.0, 50.0, '$4', 100.0, '$2', 50.0, '$6', 100.0, '$2', 50.0, '$2', 100.0, '$12', 50.0, 0.0, '$5', 50.0, '$17', 100.0, '$4', 50.0, '$7', 100.0, '$2', 150.0, '$2', 100.0, 50.0, '$5', 100.0]
['$9', 0.0, 50.0, '$6', 0.0, '$4', 50.0, '$8', 0.0, '$22', 50.0, '$3', 100.0, '$2', 50.0, '$2', 0.0, '$2', 50.0, 100.0, '$6', 50.0, '$2', 0.0, '$7', 50.0, 0.0, 50.0, '$9', 0.0, '$4', 50.0, '$5', 0.0, '$3', 50.0, '$6', 0.0, '$5', 50.0, '$6', 0.0, 50.0, 0.0, 50.0, 0.0, '$2', 50.0, '$3', 0.0, 50.0, 0.0, '$8', 50.0, 0.0, '$2', 50.0, '$8', 0.0, 50.0, 0.0, '$3', 50.0, 100.0, '$4', 50.0, 100.0, '$13', 50.0, '$3', 100.0, '$8', 150.0, '$2', 200.0, '$5', 150.0, '$5', 100.0, '$14', 150.0, '$3', 200.0, '$3', 150.0, 200.0, '$3', 150.0, 100.0, 50.0, '$2', 100.0, 50.0, 100.0, '$6', 50.0, 100.0, '$4', 50.0, 100.0, '$5', 50.0, 0.0, '$2', 50.0, 100.0, '$3', 150.0, 200.0, 100.0, '$6', 50.0, '$2', 100.0, 50.0, '$2', 100.0, '$2', 50.0, '$5', 100.0, '$4', 50.0, '$2', 100.0, 50.0, 100.0, 150.0, '$2', 100.0, '$14', 50.0, '$5', 100.0, 150.0, '$4', 100.0, '$2', 50.0, '$2', 100.0, '$2', 50.0, '$6', 100.0, 50.0, 0.0, 50.0, 100.0, 50.0, '$3', 100.0, 50.0, '$5', 100.0, 50.0, 100.0, '$5', 50.0, '$2', 0.0, 50.0, '$3', 0.0, '$2', 50.0, '$6', 100.0, '$2', 50.0, '$4', 100.0, 50.0, '$2', 100.0, 150.0, '$4', 100.0, '$2', 50.0, '$5', 100.0, '$2', 50.0, '$11', 100.0]
['$4', 0.0, '$3', 50.0, '$2', 0.0, '$2', 50.0, 0.0, '$3', 50.0, 0.0, '$5', 50.0, '$8', 0.0, '$18', 50.0, 100.0, '$3', 50.0, 100.0, '$3', 50.0, 0.0, '$4', 50.0, 100.0, '$4', 50.0, '$4', 0.0, '$3', 50.0, 0.0, '$4', 50.0, '$6', 0.0, 50.0, '$2', 0.0, '$4', 50.0, 0.0, '$2', 50.0, 0.0, '$4', 50.0, '$7', 0.0, '$5', 50.0, 0.0, '$2', 50.0, '$2', 0.0, '$2', 50.0, '$9', 0.0, '$2', 50.0, '$2', 0.0, '$4', 50.0, '$2', 0.0, 50.0, '$4', 0.0, '$9', 50.0, 100.0, '$3', 50.0, '$4', 100.0, '$5', 50.0, 0.0, '$5', 50.0, '$2', 100.0, '$8', 150.0, '$3', 200.0, '$7', 150.0, 100.0, '$7', 150.0, '$2', 200.0, '$2', 150.0, '$2', 100.0, '$4', 150.0, '$3', 200.0, '$3', 150.0, 200.0, '$2', 150.0, '$5', 50.0, 100.0, '$17', 50.0, 0.0, '$2', 50.0, '$2', 100.0, '$4', 150.0, 100.0, '$6', 50.0, 100.0, '$2', 50.0, 100.0, '$2', 50.0, 100.0, 50.0, '$2', 100.0, '$4', 50.0, '$2', 100.0, '$3', 50.0, 100.0, '$9', 50.0, 100.0, '$2', 50.0, '$2', 100.0, '$2', 50.0, '$2', 100.0, '$3', 50.0, '$2', 100.0, '$2', 50.0, '$2', 100.0, 50.0, '$2', 100.0, '$2', 50.0, '$4', 100.0, '$7', 50.0, '$4', 100.0, '$2', 50.0, '$3', 100.0, 50.0, '$2', 100.0, '$10', 50.0, 100.0, '$2', 50.0, '$2', 100.0, '$2', 50.0, '$2', 100.0, '$2', 50.0, 100.0, '$4', 50.0, '$2', 100.0, 150.0, '$2', 100.0, '$3', 50.0, '$6', 100.0, '$2', 50.0, '$10', 100.0]
['$6', 0.0, '$2', 50.0, '$2', 0.0, '$4', 50.0, 0.0, '$4', 50.0, 0.0, 50.0, 0.0, 50.0, '$6', 0.0, '$18', 50.0, 100.0, '$3', 50.0, '$2', 100.0, '$2', 50.0, '$2', 0.0, '$3', 50.0, 100.0, '$5', 50.0, '$4', 0.0, '$2', 50.0, 0.0, '$3', 50.0, '$7', 0.0, 50.0, '$4', 0.0, '$2', 50.0, '$3', 0.0, '$4', 50.0, '$3', 0.0, 50.0, '$6', 0.0, '$3', 50.0, '$2', 0.0, '$5', 50.0, '$8', 0.0, '$2', 50.0, '$3', 0.0, '$2', 50.0, '$3', 0.0, '$5', 50.0, 0.0, '$15', 50.0, '$2', 100.0, 50.0, '$2', 0.0, '$2', 50.0, 0.0, '$5', 50.0, 100.0, '$12', 150.0, 200.0, '$14', 150.0, '$3', 200.0, '$8', 150.0, '$3', 200.0, '$4', 150.0, 200.0, 150.0, 100.0, '$7', 50.0, 100.0, 50.0, 100.0, '$5', 50.0, '$2', 100.0, '$4', 50.0, 0.0, '$2', 50.0, '$2', 100.0, '$4', 150.0, '$3', 50.0, 100.0, '$6', 50.0, 100.0, '$2', 50.0, '$5', 100.0, 50.0, '$2', 100.0, '$6', 50.0, 100.0, '$12', 50.0, '$2', 100.0, '$3', 50.0, 100.0, 50.0, 0.0, '$4', 50.0, '$2', 100.0, '$2', 50.0, '$10', 100.0, '$4', 50.0, '$4', 100.0, '$2', 50.0, '$8', 100.0, '$5', 50.0, 100.0, '$2', 50.0, 100.0, '$8', 50.0, '$3', 100.0, 50.0, 100.0, '$2', 50.0, '$6', 100.0, '$3', 50.0, '$5', 100.0, '$2', 50.0, '$5', 100.0, '$2', 150.0, 100.0, '$2', 50.0]
['$7', 0.0, 50.0, '$3', 0.0, '$2', 50.0, '$5', 0.0, '$3', 50.0, '$8', 0.0, '$18', 50.0, 100.0, '$2', 50.0, '$3', 100.0, '$4', 50.0, '$2', 100.0, '$6', 50.0, '$5', 0.0, '$6', 50.0, '$7', 0.0, 50.0, '$4', 0.0, '$2', 50.0, '$2', 0.0, '$6', 50.0, 0.0, '$2', 50.0, '$7', 0.0, '$3', 50.0, 0.0, '$15', 50.0, 0.0, '$4', 50.0, '$4', 0.0, '$15', 50.0, '$2', 0.0, '$7', 50.0, 0.0, '$2', 50.0, 0.0, '$5', 50.0, 100.0, '$21', 150.0, 100.0, '$13', 150.0, 200.0, '$3', 150.0, '$3', 200.0, '$3', 150.0, '$2', 200.0, 150.0, 50.0, 100.0, '$2', 50.0, 100.0, '$10', 50.0, '$2', 100.0, '$4', 50.0, 0.0, '$2', 50.0, '$2', 100.0, '$3', 150.0, 100.0, '$4', 50.0, 100.0, '$6', 50.0, '$10', 100.0, '$2', 50.0, 100.0, '$2', 50.0, '$3', 100.0, '$4', 50.0, 0.0, '$6', 50.0, '$4', 100.0, '$2', 150.0, '$5', 100.0, 50.0, 100.0, 50.0, '$6', 100.0, '$2', 50.0, '$5', 100.0, '$3', 50.0, '$4', 100.0, 50.0, '$11', 100.0, '$14', 50.0, '$6', 100.0, '$2', 50.0, '$6', 100.0, '$2', 50.0, '$2', 100.0, 50.0, '$3', 100.0, '$2', 50.0, '$10', 100.0]
['$6', 0.0, '$2', 50.0, '$10', 0.0, '$3', 50.0, '$7', 0.0, '$23', 50.0, '$2', 100.0, '$12', 50.0, '$4', 0.0, '$6', 50.0, '$12', 0.0, '$6', 50.0, 0.0, '$4', 50.0, '$9', 0.0, '$2', 50.0, 0.0, 50.0, '$2', 0.0, '$13', 50.0, '$2', 0.0, '$5', 50.0, 0.0, 50.0, '$2', 0.0, '$2', 50.0, '$2', 0.0, '$3', 50.0, '$2', 0.0, '$22', 50.0, 100.0, '$9', 150.0, '$2', 100.0, '$18', 150.0, 100.0, '$6', 150.0, '$2', 200.0, '$4', 150.0, '$2', 200.0, '$5', 150.0, '$7', 50.0, '$3', 100.0, '$11', 50.0, '$2', 0.0, 50.0, '$2', 100.0, '$3', 150.0, '$13', 50.0, '$2', 100.0, '$2', 50.0, 100.0, 50.0, 100.0, '$4', 50.0, 100.0, '$2', 50.0, '$3', 100.0, '$4', 50.0, 0.0, '$2', 50.0, '$2', 100.0, '$3', 50.0, '$6', 100.0, '$2', 50.0, '$2', 100.0, '$6', 50.0, '$3', 100.0, '$3', 50.0, '$6', 100.0, 50.0, '$2', 100.0, '$2', 50.0, '$6', 100.0, 50.0, '$3', 100.0, '$5', 50.0, 0.0, 50.0, '$2', 100.0, '$5', 50.0, 100.0, 50.0, '$6', 100.0, '$2', 50.0, '$9', 100.0, '$2', 50.0, '$3', 100.0, 50.0, '$9', 100.0, '$2', 50.0]
['$8', 0.0, 50.0, '$3', 0.0, '$3', 50.0, '$2', 0.0, '$6', 50.0, '$5', 0.0, 50.0, '$2', 0.0, '$20', 50.0, '$2', 100.0, '$12', 50.0, '$6', 0.0, '$4', 50.0, '$4', 0.0, 50.0, '$6', 0.0, '$7', 50.0, 0.0, '$2', 50.0, 0.0, '$6', 50.0, 0.0, '$12', 50.0, 0.0, '$6', 50.0, '$4', 0.0, '$12', 50.0, 0.0, '$6', 50.0, '$4', 0.0, '$18', 50.0, 100.0, '$9', 150.0, '$2', 100.0, '$2', 50.0, 100.0, '$36', 150.0, '$6', 50.0, '$3', 100.0, 50.0, 0.0, '$9', 50.0, 0.0, '$2', 50.0, '$2', 100.0, '$3', 150.0, '$3', 50.0, '$2', 100.0, '$2', 50.0, 100.0, '$9', 50.0, 100.0, '$9', 50.0, '$3', 100.0, '$6', 50.0, 100.0, 50.0, '$2', 100.0, '$2', 50.0, 100.0, '$3', 50.0, 100.0, '$5', 50.0, '$2', 100.0, 50.0, '$2', 100.0, 50.0, 100.0, 50.0, '$3', 100.0, 50.0, '$3', 100.0, 50.0, '$2', 100.0, 50.0, '$6', 100.0, '$2', 50.0, '$4', 100.0, 50.0, '$2', 100.0, '$6', 50.0, '$2', 100.0, 50.0, '$3', 100.0, 50.0, '$2', 100.0, 50.0, '$17', 100.0, 50.0, '$2', 100.0, '$3', 50.0, '$4', 100.0, 50.0, '$2', 100.0, '$3', 50.0]
[0.0, '$2', 50.0, '$6', 0.0, 50.0, '$2', 0.0, '$3', 50.0, '$4', 0.0, '$4', 50.0, '$8', 0.0, '$19', 50.0, '$5', 100.0, '$10', 50.0, '$6', 0.0, '$4', 50.0, '$10', 0.0, 50.0, '$4', 0.0, '$12', 50.0, 0.0, '$8', 50.0, '$3', 0.0, '$8', 50.0, 0.0, 50.0, '$3', 0.0, '$5', 50.0, 0.0, 50.0, 0.0, '$7', 50.0, 0.0, '$5', 50.0, '$4', 0.0, '$16', 50.0, '$5', 150.0, 100.0, '$2', 150.0, '$2', 100.0, '$4', 50.0, '$3', 100.0, 150.0, '$2', 100.0, 150.0, '$4', 100.0, 150.0, '$2', 100.0, '$23', 150.0, 100.0, '$7', 50.0, 100.0, '$11', 50.0, 0.0, '$3', 50.0, 100.0, '$3', 150.0, '$3', 50.0, 100.0, '$3', 50.0, '$2', 100.0, '$12', 50.0, 100.0, '$5', 50.0, '$6', 100.0, '$3', 50.0, '$2', 100.0, '$3', 50.0, '$2', 100.0, '$2', 50.0, 100.0, '$2', 50.0, '$2', 100.0, '$2', 50.0, 100.0, '$2', 50.0, '$4', 100.0, '$2', 50.0, '$7', 100.0, '$4', 50.0, '$3', 100.0, 50.0, 100.0, '$2', 50.0, '$3', 100.0, '$3', 50.0, '$2', 100.0, '$3', 50.0, 100.0, '$4', 50.0, '$3', 100.0, 50.0, '$4', 100.0, 150.0, '$18', 100.0, '$2', 50.0, '$5', 100.0, '$5', 50.0, 100.0]
['$4', 50.0, '$5', 0.0, '$2', 50.0, '$2', 0.0, '$3', 50.0, '$3', 0.0, '$4', 50.0, '$8', 0.0, '$19', 50.0, 100.0, '$4', 50.0, '$3', 0.0, '$5', 50.0, 100.0, 50.0, '$7', 0.0, '$3', 50.0, '$22', 0.0, '$5', 50.0, 0.0, '$7', 50.0, '$3', 0.0, '$9', 50.0, '$6', 0.0, '$4', 50.0, '$3', 0.0, '$7', 50.0, '$2', 0.0, '$6', 50.0, 0.0, '$7', 50.0, 0.0, '$3', 50.0, '$2', 0.0, '$4', 50.0, '$7', 150.0, '$2', 100.0, '$7', 50.0, 100.0, '$3', 150.0, 100.0, 150.0, '$6', 100.0, '$5', 150.0, 100.0, '$3', 150.0, 100.0, '$11', 150.0, 100.0, 150.0, 100.0, '$7', 50.0, 100.0, '$4', 50.0, '$2', 0.0, '$5', 50.0, 0.0, '$3', 50.0, 100.0, '$3', 150.0, '$3', 50.0, 100.0, 50.0, 100.0, '$2', 50.0, 100.0, '$11', 50.0, '$2', 100.0, '$6', 50.0, '$6', 100.0, '$3', 50.0, '$7', 100.0, 50.0, 100.0, 50.0, '$6', 100.0, '$5', 50.0, '$4', 100.0, 50.0, '$5', 100.0, '$4', 50.0, '$3', 100.0, 50.0, '$2', 100.0, 50.0, '$3', 100.0, '$4', 50.0, '$2', 100.0, '$2', 50.0, 100.0, '$8', 50.0, '$5', 100.0, 150.0, '$2', 50.0, '$15', 100.0, 50.0, '$5', 100.0, '$5', 50.0, '$2', 100.0]
['$4', 50.0, '$5', 0.0, '$2', 50.0, '$3', 0.0, '$4', 50.0, 0.0, '$4', 50.0, 0.0, '$2', 50.0, 0.0, 50.0, '$3', 0.0, '$21', 50.0, '$2', 0.0, 50.0, '$2', 0.0, '$3', 50.0, '$2', 0.0, 50.0, 100.0, '$2', 50.0, '$4', 0.0, 50.0, 0.0, '$3', 50.0, '$20', 0.0, 50.0, '$4', 0.0, '$14', 50.0, '$2', 100.0, '$5', 50.0, '$8', 0.0, '$2', 50.0, '$3', 0.0, '$15', 50.0, '$2', 0.0, '$7', 50.0, 0.0, 50.0, '$5', 0.0, '$2', 50.0, 100.0, '$7', 150.0, 100.0, 50.0, '$7', 0.0, 50.0, '$2', 100.0, 150.0, '$15', 100.0, '$4', 150.0, '$3', 100.0, '$6', 150.0, 100.0, 50.0, '$2', 150.0, '$9', 50.0, 0.0, '$9', 50.0, 0.0, '$3', 50.0, 100.0, '$2', 150.0, 100.0, '$2', 50.0, '$2', 100.0, 50.0, 100.0, '$8', 50.0, 100.0, '$4', 50.0, '$2', 100.0, 50.0, 100.0, '$3', 50.0, 100.0, '$2', 50.0, 100.0, '$2', 50.0, '$2', 100.0, '$4', 50.0, '$6', 100.0, 50.0, '$4', 100.0, 50.0, 100.0, 150.0, 100.0, '$7', 50.0, '$2', 100.0, 50.0, '$5', 100.0, 50.0, '$2', 100.0, '$2', 50.0, '$2', 100.0, '$4', 50.0, '$3', 100.0, '$8', 50.0, 100.0, 50.0, 0.0, '$6', 50.0, '$4', 100.0, '$4', 50.0, '$14', 100.0, '$2', 50.0, '$7', 100.0, '$3', 50.0, '$2', 100.0]
['$2', 0.0, 50.0, '$12', 0.0, '$2', 50.0, '$2', 0.0, '$4', 50.0, '$2', 0.0, '$2', 50.0, '$8', 0.0, 50.0, 0.0, '$27', 50.0, 100.0, 50.0, '$6', 0.0, '$3', 50.0, '$25', 0.0, '$4', 50.0, 0.0, '$11', 50.0, 0.0, '$6', 50.0, 0.0, '$8', 50.0, 100.0, '$3', 50.0, 0.0, '$7', 50.0, '$2', 0.0, 50.0, 0.0, '$4', 50.0, 0.0, '$3', 50.0, 0.0, 50.0, '$6', 0.0, '$3', 50.0, 100.0, '$6', 150.0, 100.0, 50.0, '$7', 0.0, '$3', 50.0, '$15', 100.0, 150.0, 100.0, '$4', 150.0, '$2', 100.0, '$6', 150.0, 100.0, 0.0, 50.0, '$2', 150.0, '$4', 50.0, '$3', 100.0, '$5', 50.0, 0.0, '$7', 50.0, 0.0, '$2', 50.0, 100.0, '$2', 150.0, 100.0, 50.0, '$3', 100.0, '$11', 50.0, '$2', 100.0, '$2', 50.0, '$2', 100.0, '$4', 50.0, '$2', 100.0, '$2', 50.0, 100.0, '$2', 50.0, '$3', 100.0, '$2', 50.0, '$10', 100.0, '$3', 50.0, '$3', 100.0, '$4', 50.0, 100.0, '$4', 50.0, '$9', 100.0, '$6', 50.0, '$4', 100.0, '$12', 50.0, 0.0, '$4', 50.0, '$6', 100.0, '$2', 50.0, '$22', 100.0, '$2', 150.0, '$5', 100.0]
['$7', 0.0, 50.0, '$2', 0.0, '$2', 50.0, '$4', 0.0, '$3', 50.0, '$3', 0.0, '$2', 50.0, '$2', 0.0, 50.0, '$5', 0.0, '$24', 50.0, 100.0, '$9', 50.0, '$7', 0.0, '$2', 50.0, '$26', 0.0, '$2', 50.0, 0.0, '$5', 50.0, '$3', 0.0, '$9', 50.0, '$3', 0.0, '$3', 50.0, '$3', 0.0, '$3', 50.0, 100.0, 50.0, '$2', 0.0, '$6', 50.0, '$2', 0.0, '$2', 50.0, 0.0, 50.0, 0.0, 50.0, 0.0, '$6', 50.0, '$2', 0.0, '$7', 50.0, 100.0, '$5', 150.0, '$2', 100.0, 50.0, '$7', 0.0, '$5', 50.0, '$7', 100.0, '$2', 50.0, '$9', 100.0, '$2', 150.0, 100.0, '$2', 150.0, '$3', 100.0, 50.0, '$2', 0.0, 50.0, '$2', 150.0, 50.0, '$2', 100.0, '$2', 50.0, '$2', 100.0, '$2', 50.0, 100.0, '$13', 50.0, 100.0, '$2', 150.0, '$2', 50.0, '$2', 100.0, '$10', 50.0, '$3', 100.0, '$2', 50.0, '$4', 100.0, '$2', 50.0, '$7', 100.0, 50.0, '$6', 100.0, '$2', 50.0, '$2', 100.0, '$6', 50.0, '$4', 100.0, '$5', 50.0, 100.0, '$4', 50.0, 100.0, 50.0, '$5', 100.0, '$2', 50.0, 100.0, 50.0, 100.0, '$3', 50.0, '$2', 100.0, '$5', 50.0, '$3', 100.0, '$4', 50.0, '$2', 100.0, '$5', 50.0, '$7', 100.0, 50.0, '$4', 100.0, 150.0, '$23', 100.0, 50.0]
['$10', 0.0, '$2', 50.0, '$5', 0.0, '$2', 50.0, '$3', 0.0, '$2', 50.0, '$8', 0.0, '$23', 50.0, '$2', 100.0, '$9', 50.0, '$7', 0.0, '$2', 50.0, '$17', 0.0, 50.0, '$5', 0.0, '$3', 50.0, 0.0, '$5', 50.0, '$4', 0.0, '$3', 50.0, '$2', 0.0, '$5', 50.0, '$4', 0.0, '$2', 50.0, '$3', 0.0, '$8', 50.0, 0.0, '$12', 50.0, '$5', 0.0, '$4', 50.0, '$2', 0.0, '$2', 50.0, 0.0, 50.0, '$2', 100.0, '$5', 150.0, '$2', 100.0, '$8', 0.0, '$3', 50.0, 0.0, '$11', 50.0, '$4', 100.0, 50.0, '$8', 100.0, '$2', 50.0, '$2', 100.0, 0.0, '$2', 50.0, '$2', 150.0, 50.0, 100.0, 50.0, 0.0, '$2', 50.0, 0.0, '$4', 50.0, 0.0, '$2', 50.0, 0.0, '$8', 50.0, 100.0, '$2', 150.0, '$2', 50.0, '$2', 100.0, '$9', 50.0, 0.0, '$2', 50.0, '$2', 100.0, '$3', 50.0, '$2', 100.0, 50.0, '$3', 100.0, 50.0, '$3', 100.0, 50.0, 100.0, '$3', 50.0, '$3', 100.0, '$5', 50.0, '$3', 0.0, '$3', 50.0, '$4', 100.0, 50.0, 0.0, '$7', 50.0, '$4', 100.0, 50.0, '$3', 100.0, 50.0, '$3', 100.0, '$3', 50.0, '$2', 100.0, '$5', 50.0, '$3', 100.0, '$4', 50.0, '$2', 100.0, '$2', 50.0, '$5', 100.0, 50.0, '$6', 100.0, '$2', 50.0, '$8', 100.0, 150.0, '$11', 100.0, '$2', 50.0, '$4', 100.0]
['$4', 0.0, 50.0, '$5', 0.0, '$2', 50.0, '$6', 0.0, '$6', 50.0, '$8', 0.0, '$23', 50.0, '$2', 100.0, '$10', 50.0, '$6', 0.0, '$2', 50.0, '$4', 0.0, 50.0, '$6', 0.0, '$2', 50.0, '$5', 0.0, '$2', 50.0, '$3', 0.0, '$3', 50.0, '$2', 0.0, '$6', 50.0, 0.0, '$3', 50.0, '$4', 0.0, '$7', 50.0, '$2', 0.0, '$2', 100.0, '$4', 0.0, 50.0, '$2', 0.0, '$3', 50.0, 0.0, '$2', 50.0, '$2', 0.0, '$2', 50.0, '$2', 0.0, '$5', 50.0, '$6', 0.0, '$2', 50.0, '$3', 0.0, 50.0, 0.0, '$3', 100.0, '$2', 150.0, 100.0, '$2', 150.0, 100.0, 50.0, '$8', 0.0, '$2', 50.0, '$4', 0.0, 50.0, '$3', 0.0, '$4', 50.0, '$2', 100.0, '$5', 50.0, 100.0, '$2', 50.0, '$3', 100.0, '$4', 50.0, 150.0, 100.0, '$2', 0.0, 100.0, 150.0, 100.0, '$6', 50.0, '$4', 0.0, 50.0, 0.0, 50.0, 0.0, '$8', 50.0, '$2', 100.0, 150.0, 50.0, 0.0, '$10', 50.0, '$2', 100.0, '$2', 50.0, 100.0, '$4', 50.0, '$2', 100.0, '$5', 50.0, '$5', 100.0, 50.0, 100.0, 50.0, '$4', 100.0, '$2', 50.0, '$2', 100.0, '$2', 50.0, '$2', 100.0, '$3', 50.0, '$3', 100.0, '$11', 50.0, 100.0, '$3', 50.0, '$3', 100.0, 50.0, 100.0, '$7', 50.0, 100.0, 50.0, '$2', 100.0, '$4', 50.0, 100.0, '$3', 50.0, '$6', 100.0, '$2', 50.0, 0.0, 50.0, '$5', 100.0, 50.0, '$9', 100.0, 150.0, '$10', 100.0, '$2', 50.0, '$5', 100.0]
['$4', 0.0, 50.0, '$8', 0.0, 50.0, '$4', 0.0, 50.0, '$2', 0.0, '$4', 50.0, '$8', 0.0, '$3', 50.0, '$2', 0.0, 50.0, '$2', 100.0, '$14', 50.0, '$3', 100.0, '$9', 50.0, '$6', 0.0, '$3', 50.0, '$7', 0.0, 50.0, '$3', 0.0, '$2', 50.0, 0.0, '$2', 50.0, '$2', 0.0, '$3', 50.0, '$2', 0.0, 50.0, '$2', 0.0, '$15', 50.0, '$2', 0.0, 50.0, '$2', 0.0, '$7', 50.0, 0.0, '$5', 50.0, 0.0, '$2', 50.0, 0.0, '$2', 50.0, '$3', 0.0, '$9', 50.0, '$3', 0.0, '$2', 50.0, '$3', 0.0, 50.0, '$3', 0.0, 100.0, 150.0, '$2', 100.0, 150.0, '$4', 100.0, 50.0, '$9', 0.0, '$4', 50.0, 0.0, '$2', 50.0, '$4', 0.0, '$3', 50.0, 100.0, '$5', 50.0, '$4', 100.0, 50.0, 100.0, 0.0, '$3', 50.0, 100.0, 150.0, 50.0, 0.0, 100.0, 150.0, 50.0, 100.0, '$6', 50.0, 0.0, '$14', 50.0, '$2', 100.0, 150.0, 50.0, 0.0, '$7', 50.0, '$11', 100.0, 50.0, 100.0, '$6', 50.0, '$4', 100.0, '$2', 50.0, 100.0, 50.0, '$2', 100.0, '$4', 50.0, '$7', 100.0, '$4', 50.0, 100.0, 50.0, '$3', 100.0, 50.0, 100.0, '$2', 50.0, '$4', 100.0, '$4', 50.0, '$2', 100.0, 50.0, '$2', 100.0, '$6', 50.0, '$6', 100.0, 50.0, '$3', 100.0, '$2', 50.0, '$6', 100.0, 50.0, '$2', 0.0, '$4', 50.0, 100.0, '$2', 50.0, '$2', 100.0, 150.0, '$9', 100.0, 50.0, '$2', 100.0, '$2', 50.0, '$2', 100.0, '$2', 50.0, '$5', 100.0, 50.0]
['$18', 0.0, '$2', 50.0, 0.0, '$4', 50.0, '$8', 0.0, '$7', 50.0, '$2', 100.0, '$13', 50.0, '$2', 100.0, '$10', 50.0, '$7', 0.0, '$2', 50.0, '$15', 0.0, '$2', 50.0, 0.0, '$2', 50.0, '$2', 0.0, '$3', 50.0, 0.0, '$5', 50.0, '$5', 0.0, '$6', 50.0, 0.0, '$7', 50.0, 0.0, '$14', 50.0, '$4', 0.0, '$8', 50.0, '$3', 0.0, '$2', 50.0, '$3', 0.0, '$4', 50.0, '$9', 100.0, 50.0, '$11', 0.0, '$7', 50.0, '$2', 0.0, '$5', 50.0, 100.0, '$4', 50.0, 100.0, '$4', 50.0, 0.0, '$4', 50.0, 100.0, 150.0, 50.0, 100.0, 150.0, '$4', 50.0, 0.0, '$7', 50.0, 0.0, 50.0, '$2', 100.0, 50.0, '$2', 100.0, '$4', 50.0, 100.0, '$2', 150.0, 50.0, 0.0, '$7', 50.0, '$4', 100.0, '$4', 50.0, '$5', 100.0, '$8', 50.0, 100.0, '$3', 50.0, 100.0, 50.0, '$3', 100.0, '$3', 50.0, '$2', 100.0, '$3', 50.0, '$2', 100.0, '$6', 50.0, 100.0, '$3', 50.0, '$7', 100.0, 50.0, 100.0, '$10', 50.0, 0.0, '$3', 50.0, '$3', 100.0, '$3', 50.0, '$4', 100.0, 50.0, '$4', 100.0, '$4', 50.0, '$2', 100.0, '$2', 50.0, '$2', 100.0, '$3', 50.0, '$5', 100.0, '$2', 50.0, '$7', 100.0, 50.0, '$2', 100.0, '$2', 50.0, '$6', 100.0, 50.0]
['$19', 0.0, '$7', 50.0, '$7', 0.0, '$17', 50.0, '$3', 100.0, 50.0, '$2', 100.0, 50.0, '$2', 0.0, 50.0, '$2', 100.0, '$5', 50.0, '$6', 0.0, '$3', 50.0, '$2', 0.0, '$2', 50.0, '$6', 0.0, 50.0, '$2', 0.0, 50.0, '$4', 0.0, '$2', 50.0, 0.0, '$13', 50.0, '$6', 0.0, '$8', 50.0, 0.0, 50.0, 0.0, '$4', 50.0, '$2', 0.0, '$3', 50.0, 0.0, '$4', 50.0, '$3', 0.0, '$5', 50.0, 0.0, '$2', 50.0, '$3', 0.0, '$2', 50.0, '$4', 0.0, '$2', 50.0, 0.0, 100.0, 150.0, '$8', 100.0, '$2', 50.0, '$11', 0.0, '$6', 50.0, '$2', 0.0, '$15', 50.0, 0.0, '$4', 50.0, 100.0, 150.0, '$2', 100.0, 150.0, '$3', 50.0, '$2', 100.0, '$5', 50.0, 100.0, '$3', 50.0, 100.0, 50.0, '$4', 100.0, '$3', 50.0, 100.0, '$2', 150.0, 50.0, 0.0, '$6', 50.0, '$5', 100.0, 50.0, 0.0, '$2', 50.0, '$7', 100.0, '$6', 50.0, 0.0, '$6', 50.0, 100.0, 150.0, 100.0, '$2', 50.0, 100.0, '$5', 50.0, '$2', 100.0, '$17', 50.0, '$2', 100.0, '$10', 50.0, 0.0, '$3', 50.0, '$2', 100.0, 50.0, 0.0, 50.0, '$4', 100.0, '$3', 50.0, 100.0, '$4', 50.0, '$3', 100.0, '$2', 50.0, '$2', 100.0, '$3', 50.0, '$5', 100.0, '$3', 50.0, '$4', 100.0, 50.0, 100.0, 50.0, '$2', 100.0, '$2', 50.0, '$5', 100.0, '$2', 50.0]
['$8', 0.0, 50.0, '$10', 0.0, '$7', 50.0, '$7', 0.0, '$5', 50.0, 0.0, 50.0, 100.0, '$4', 50.0, 100.0, '$3', 50.0, '$4', 100.0, '$4', 50.0, 0.0, '$3', 50.0, 100.0, '$6', 50.0, '$3', 0.0, 50.0, '$3', 0.0, '$2', 50.0, '$6', 0.0, 50.0, '$3', 0.0, '$3', 50.0, '$4', 0.0, '$2', 50.0, 0.0, 50.0, 0.0, '$3', 50.0, 0.0, '$3', 50.0, 0.0, '$3', 50.0, '$5', 0.0, '$2', 50.0, 0.0, '$2', 50.0, '$2', 0.0, '$19', 50.0, '$9', 0.0, '$2', 50.0, 0.0, 50.0, '$3', 0.0, '$2', 50.0, '$2', 0.0, '$2', 50.0, 0.0, 50.0, 150.0, '$3', 100.0, '$3', 150.0, '$3', 100.0, 50.0, '$12', 0.0, '$21', 50.0, '$2', 0.0, '$4', 50.0, '$4', 100.0, 150.0, 0.0, '$3', 50.0, '$4', 100.0, '$8', 50.0, '$4', 100.0, '$3', 50.0, 100.0, '$2', 150.0, 50.0, 0.0, '$2', 50.0, 0.0, '$7', 50.0, '$2', 100.0, 50.0, 100.0, 50.0, '$2', 100.0, '$3', 50.0, '$2', 100.0, '$7', 50.0, '$2', 100.0, '$2', 50.0, 100.0, 50.0, 100.0, '$2', 150.0, '$2', 100.0, '$6', 50.0, '$2', 100.0, '$34', 50.0, 100.0, '$2', 50.0, 0.0, '$2', 50.0, '$2', 100.0, '$7', 50.0, '$3', 100.0, 50.0, '$3', 100.0, 50.0, 100.0, 50.0, 0.0, '$4', 100.0, '$4', 50.0, '$4', 100.0, '$4', 50.0, '$5', 100.0, '$5', 50.0]
['$6', 0.0, 50.0, 0.0, '$3', 50.0, '$9', 0.0, '$6', 50.0, '$8', 0.0, '$11', 50.0, 100.0, '$2', 50.0, '$7', 100.0, '$9', 50.0, 0.0, 50.0, 100.0, '$2', 50.0, '$2', 0.0, '$2', 50.0, '$2', 0.0, '$2', 50.0, '$3', 0.0, '$3', 50.0, '$3', 0.0, '$3', 50.0, '$4', 0.0, '$3', 50.0, '$3', 0.0, '$4', 50.0, 0.0, '$2', 50.0, '$2', 0.0, '$3', 50.0, 0.0, 50.0, 0.0, '$4', 50.0, '$4', 0.0, '$3', 50.0, '$2', 0.0, '$18', 50.0, 0.0, 50.0, '$5', 0.0, '$2', 50.0, 0.0, '$3', 50.0, '$4', 0.0, '$2', 50.0, 100.0, 150.0, '$5', 100.0, '$2', 150.0, '$2', 100.0, 50.0, '$14', 0.0, '$12', 50.0, 0.0, 50.0, '$3', 100.0, '$2', 50.0, '$2', 0.0, '$4', 50.0, '$4', 100.0, 150.0, 0.0, 50.0, 0.0, '$3', 50.0, '$3', 100.0, '$7', 50.0, '$4', 100.0, '$3', 50.0, 100.0, '$2', 150.0, '$2', 50.0, 100.0, 50.0, 100.0, 0.0, '$2', 50.0, 0.0, '$9', 50.0, 100.0, '$2', 50.0, '$4', 100.0, '$11', 50.0, '$3', 100.0, 150.0, 100.0, 150.0, 100.0, 50.0, 100.0, '$3', 50.0, '$2', 100.0, '$10', 50.0, 100.0, '$4', 50.0, 0.0, '$9', 50.0, 0.0, '$9', 50.0, '$2', 100.0, '$4', 50.0, 100.0, 50.0, '$2', 100.0, '$3', 50.0, '$4', 100.0, 50.0, '$3', 100.0, 50.0, '$2', 100.0, 50.0, '$3', 100.0, '$5', 50.0, '$5', 100.0, '$4', 50.0, '$5', 100.0, '$2', 50.0, 100.0, 50.0]
['$3', 0.0, 50.0, '$2', 0.0, '$4', 50.0, '$7', 0.0, '$2', 50.0, 0.0, '$6', 50.0, '$5', 0.0, '$3', 50.0, 0.0, '$13', 50.0, '$5', 100.0, '$6', 50.0, '$2', 100.0, '$11', 50.0, '$3', 0.0, '$2', 50.0, 0.0, '$4', 50.0, '$3', 0.0, '$7', 50.0, '$7', 0.0, '$7', 50.0, '$2', 0.0, '$4', 50.0, 0.0, '$2', 50.0, '$6', 0.0, '$2', 50.0, '$7', 0.0, '$5', 50.0, 0.0, '$12', 50.0, '$3', 0.0, '$2', 50.0, '$2', 0.0, '$4', 50.0, 0.0, 50.0, '$3', 0.0, 100.0, 150.0, '$10', 100.0, 50.0, '$15', 0.0, '$3', 50.0, '$2', 100.0, '$12', 50.0, '$2', 0.0, '$4', 50.0, '$5', 100.0, '$15', 50.0, '$5', 100.0, '$3', 50.0, 100.0, '$2', 150.0, '$2', 100.0, '$3', 150.0, 100.0, '$7', 50.0, '$2', 100.0, '$5', 50.0, '$2', 100.0, '$2', 50.0, 100.0, '$4', 50.0, '$2', 0.0, 50.0, '$3', 100.0, '$4', 50.0, '$2', 100.0, '$2', 150.0, 100.0, '$4', 50.0, '$4', 100.0, '$7', 50.0, 100.0, 50.0, '$2', 100.0, '$2', 50.0, 0.0, '$4', 50.0, 0.0, '$2', 50.0, 0.0, '$2', 50.0, 0.0, '$9', 50.0, '$3', 100.0, '$2', 50.0, 100.0, 50.0, 100.0, '$10', 50.0, 100.0, '$2', 50.0, '$7', 100.0, 50.0, '$9', 100.0, '$10', 50.0, 100.0, 50.0]
['$6', 0.0, '$2', 50.0, '$7', 0.0, '$3', 50.0, '$3', 0.0, '$5', 50.0, '$6', 0.0, '$6', 50.0, 100.0, '$9', 50.0, 100.0, 50.0, '$2', 100.0, '$9', 50.0, '$2', 100.0, '$8', 50.0, '$4', 0.0, '$7', 50.0, '$3', 0.0, '$2', 50.0, '$2', 0.0, '$4', 50.0, 0.0, 50.0, '$3', 0.0, '$17', 50.0, '$2', 0.0, '$2', 50.0, '$2', 0.0, '$2', 50.0, '$2', 0.0, '$2', 50.0, '$4', 0.0, '$3', 50.0, '$3', 0.0, '$11', 50.0, '$3', 0.0, '$2', 50.0, '$2', 0.0, 50.0, 0.0, '$5', 50.0, '$2', 0.0, 100.0, 150.0, '$10', 100.0, '$2', 50.0, '$15', 0.0, '$11', 50.0, 0.0, '$3', 50.0, '$3', 0.0, '$5', 50.0, '$4', 100.0, '$5', 50.0, '$2', 0.0, '$2', 50.0, 100.0, '$5', 50.0, '$5', 100.0, '$3', 50.0, 100.0, '$2', 150.0, '$3', 100.0, 150.0, '$3', 100.0, '$6', 50.0, 100.0, '$2', 50.0, '$2', 100.0, '$2', 50.0, '$2', 100.0, 50.0, 0.0, '$4', 50.0, 100.0, '$5', 50.0, 100.0, '$6', 50.0, '$3', 100.0, '$5', 50.0, '$6', 100.0, '$7', 50.0, 100.0, '$4', 50.0, '$2', 100.0, '$4', 50.0, '$2', 0.0, '$2', 50.0, '$3', 0.0, '$8', 50.0, '$2', 100.0, '$2', 50.0, 100.0, 150.0, '$4', 50.0, '$2', 100.0, 50.0, '$2', 100.0, '$4', 50.0, 100.0, '$2', 50.0, '$2', 100.0, 50.0, '$11', 100.0, '$2', 50.0, '$2', 100.0, '$8', 50.0]
['$6', 0.0, '$2', 50.0, '$3', 0.0, '$3', 50.0, '$3', 0.0, '$2', 50.0, '$3', 0.0, '$4', 50.0, '$9', 0.0, '$3', 50.0, 100.0, '$9', 50.0, '$8', 100.0, '$6', 50.0, 100.0, '$6', 50.0, 100.0, 50.0, '$5', 0.0, 50.0, 100.0, 50.0, 0.0, 50.0, '$4', 0.0, 50.0, '$2', 0.0, '$5', 50.0, 0.0, 50.0, '$3', 0.0, '$2', 50.0, 0.0, '$8', 50.0, '$2', 0.0, '$4', 50.0, '$3', 0.0, 50.0, '$2', 0.0, '$6', 50.0, '$4', 0.0, '$4', 50.0, 0.0, '$6', 50.0, 0.0, '$7', 50.0, '$4', 0.0, '$2', 50.0, '$2', 0.0, '$6', 50.0, 100.0, 150.0, '$6', 100.0, '$2', 150.0, '$2', 100.0, '$3', 50.0, '$15', 0.0, '$10', 50.0, 100.0, '$4', 50.0, '$2', 0.0, '$5', 50.0, '$2', 100.0, '$2', 50.0, 100.0, 50.0, 0.0, 50.0, '$2', 100.0, '$4', 50.0, 100.0, '$4', 50.0, '$5', 100.0, '$3', 50.0, 100.0, '$2', 150.0, 100.0, '$2', 50.0, '$3', 100.0, 150.0, '$7', 100.0, '$3', 50.0, '$5', 100.0, '$4', 50.0, 100.0, 50.0, '$2', 100.0, 50.0, '$2', 100.0, '$7', 50.0, '$5', 100.0, '$4', 50.0, '$7', 100.0, '$3', 50.0, '$2', 100.0, '$3', 50.0, 100.0, '$2', 50.0, '$2', 100.0, '$7', 50.0, '$3', 100.0, '$9', 50.0, '$2', 100.0, 50.0, 0.0, '$2', 100.0, 50.0, '$3', 100.0, 150.0, 100.0, '$14', 50.0, '$6', 100.0, '$2', 150.0, '$2', 100.0, '$2', 50.0, '$2', 100.0, 50.0, 100.0, '$6', 50.0]
['$6', 0.0, 50.0, '$4', 0.0, '$2', 50.0, '$4', 0.0, '$2', 50.0, '$4', 0.0, '$4', 50.0, '$8', 0.0, '$13', 50.0, '$9', 100.0, '$13', 50.0, 0.0, '$2', 50.0, '$3', 0.0, 50.0, 100.0, 50.0, 0.0, 50.0, '$4', 0.0, '$4', 50.0, 0.0, 50.0, '$4', 0.0, '$3', 50.0, '$3', 0.0, '$9', 50.0, '$2', 0.0, '$4', 50.0, '$2', 0.0, '$8', 50.0, '$5', 0.0, '$2', 50.0, 0.0, '$2', 50.0, '$4', 0.0, '$8', 50.0, '$5', 0.0, '$2', 50.0, '$3', 0.0, '$2', 50.0, 0.0, 50.0, 0.0, 50.0, '$12', 100.0, '$3', 50.0, '$17', 0.0, '$13', 50.0, '$2', 0.0, '$5', 50.0, 100.0, '$2', 50.0, 100.0, '$2', 50.0, 0.0, '$2', 50.0, 100.0, '$9', 50.0, '$6', 100.0, '$2', 50.0, 100.0, '$2', 150.0, 100.0, '$2', 50.0, '$12', 100.0, '$2', 50.0, '$7', 100.0, 50.0, '$2', 100.0, '$4', 50.0, '$3', 100.0, '$2', 50.0, 100.0, '$3', 50.0, 100.0, 150.0, '$3', 100.0, '$3', 50.0, '$4', 100.0, '$7', 50.0, '$3', 100.0, '$5', 50.0, 100.0, '$8', 50.0, '$4', 100.0, '$2', 50.0, 100.0, '$6', 50.0, '$2', 100.0, 50.0, '$4', 100.0, '$2', 150.0, '$2', 100.0, '$15', 50.0, '$9', 100.0, 50.0, '$4', 100.0, '$3', 50.0, '$3', 100.0, 50.0]
['$11', 0.0, '$2', 50.0, '$3', 0.0, '$4', 50.0, '$2', 0.0, '$5', 50.0, '$7', 0.0, '$11', 50.0, '$13', 100.0, '$11', 50.0, 0.0, '$2', 50.0, 0.0, 50.0, '$2', 0.0, '$3', 50.0, '$14', 0.0, '$10', 50.0, 100.0, 50.0, 0.0, '$10', 50.0, 0.0, '$7', 50.0, '$3', 0.0, '$3', 50.0, '$3', 0.0, '$5', 50.0, '$2', 0.0, '$21', 50.0, '$2', 0.0, 50.0, '$11', 100.0, '$5', 50.0, 0.0, 50.0, '$3', 0.0, '$2', 50.0, '$9', 0.0, '$10', 50.0, 0.0, 50.0, '$3', 0.0, '$7', 50.0, '$2', 100.0, '$2', 50.0, '$2', 0.0, 50.0, 100.0, 50.0, '$2', 0.0, '$5', 50.0, 0.0, '$5', 100.0, 50.0, 0.0, 50.0, 100.0, '$2', 150.0, 100.0, 50.0, '$2', 100.0, '$4', 50.0, 100.0, 150.0, 100.0, 50.0, '$4', 100.0, '$3', 50.0, '$8', 100.0, '$2', 50.0, 100.0, 50.0, '$2', 100.0, '$3', 50.0, '$8', 100.0, '$5', 50.0, '$4', 100.0, '$5', 50.0, 100.0, '$7', 50.0, '$2', 100.0, '$7', 50.0, 100.0, '$3', 50.0, '$2', 100.0, '$2', 50.0, '$2', 100.0, '$4', 50.0, 100.0, '$2', 50.0, '$6', 100.0, '$11', 50.0, '$5', 100.0, '$4', 50.0, '$6', 100.0, 50.0, 100.0, '$2', 50.0, '$2', 100.0, '$2', 50.0, '$2', 100.0, '$2', 50.0]
['$3', 50.0, '$2', 0.0, 50.0, '$3', 0.0, '$12', 50.0, 0.0, '$5', 50.0, '$8', 0.0, '$10', 50.0, '$8', 100.0, 50.0, '$3', 100.0, '$6', 50.0, '$2', 0.0, '$6', 50.0, '$2', 0.0, 50.0, 0.0, '$2', 50.0, 0.0, '$2', 50.0, '$5', 0.0, '$2', 50.0, '$2', 0.0, '$2', 50.0, '$6', 0.0, '$9', 50.0, '$4', 0.0, '$2', 50.0, 0.0, '$4', 50.0, '$2', 0.0, 50.0, '$2', 0.0, '$3', 50.0, 0.0, '$2', 50.0, '$5', 0.0, '$5', 50.0, '$2', 0.0, '$5', 50.0, 0.0, '$14', 50.0, '$2', 0.0, '$2', 50.0, '$11', 100.0, '$7', 50.0, '$3', 0.0, 50.0, 100.0, '$2', 50.0, '$3', 0.0, 50.0, '$5', 0.0, '$11', 50.0, '$2', 0.0, '$7', 50.0, 100.0, 150.0, 0.0, '$2', 50.0, 0.0, '$3', 50.0, '$2', 0.0, '$4', 50.0, '$2', 0.0, '$3', 50.0, '$2', 100.0, 50.0, 0.0, 50.0, 100.0, '$2', 150.0, 100.0, '$3', 50.0, 100.0, '$4', 50.0, '$2', 100.0, 50.0, '$3', 100.0, '$5', 50.0, 100.0, '$3', 50.0, '$3', 100.0, '$3', 50.0, '$3', 100.0, '$2', 50.0, '$9', 100.0, 0.0, '$2', 50.0, 0.0, '$2', 50.0, '$3', 100.0, '$2', 50.0, '$4', 100.0, '$13', 50.0, '$2', 100.0, '$15', 50.0, '$2', 100.0, 50.0, '$2', 100.0, 50.0, '$2', 100.0, '$12', 50.0, '$6', 100.0, '$4', 50.0, '$7', 100.0, '$2', 50.0, '$2', 100.0, '$4', 50.0, 0.0, 50.0]
['$8', 0.0, '$7', 50.0, '$2', 0.0, '$4', 50.0, '$2', 0.0, '$4', 50.0, '$4', 0.0, 50.0, '$4', 0.0, '$5', 50.0, 0.0, '$5', 50.0, '$5', 100.0, '$6', 50.0, '$5', 0.0, '$8', 50.0, '$2', 0.0, 50.0, '$11', 0.0, '$2', 50.0, 0.0, '$2', 50.0, '$9', 0.0, '$3', 50.0, 0.0, '$2', 50.0, '$4', 0.0, 50.0, 0.0, '$9', 50.0, '$2', 0.0, '$2', 50.0, '$3', 0.0, 50.0, '$5', 0.0, '$5', 50.0, '$3', 0.0, 50.0, '$4', 0.0, 50.0, '$2', 0.0, 50.0, '$3', 0.0, 50.0, '$3', 0.0, '$3', 50.0, '$2', 0.0, '$2', 50.0, '$11', 100.0, '$9', 50.0, 0.0, '$3', 50.0, 100.0, '$3', 0.0, '$2', 50.0, '$4', 0.0, '$10', 50.0, '$3', 0.0, '$7', 50.0, 100.0, 150.0, '$3', 50.0, 0.0, '$2', 50.0, '$2', 0.0, '$4', 50.0, 0.0, 50.0, '$2', 0.0, '$3', 50.0, 100.0, '$3', 50.0, '$2', 100.0, '$2', 150.0, '$3', 50.0, '$3', 100.0, 50.0, 0.0, '$7', 50.0, '$5', 100.0, 50.0, '$2', 100.0, '$11', 50.0, '$11', 100.0, '$2', 50.0, '$5', 100.0, 50.0, '$5', 100.0, '$5', 50.0, 100.0, '$7', 50.0, 100.0, '$15', 50.0, '$2', 100.0, '$2', 50.0, '$2', 100.0, '$3', 50.0, 0.0, '$5', 50.0, '$3', 100.0, '$3', 50.0, '$8', 100.0, '$2', 50.0, '$3', 100.0, 50.0, '$3', 100.0, 50.0, '$2', 100.0, 50.0, '$2', 100.0, '$4', 50.0]
['$7', 0.0, '$3', 50.0, 0.0, '$4', 50.0, '$2', 0.0, '$3', 50.0, 0.0, 50.0, 0.0, '$4', 50.0, '$4', 0.0, 50.0, '$6', 0.0, '$3', 50.0, 0.0, '$4', 50.0, 100.0, 50.0, '$3', 100.0, '$22', 50.0, '$3', 0.0, '$2', 50.0, '$6', 0.0, '$5', 50.0, '$5', 0.0, '$2', 50.0, '$2', 0.0, '$3', 50.0, 0.0, '$3', 50.0, '$6', 0.0, '$15', 50.0, 0.0, '$2', 50.0, '$8', 0.0, '$3', 50.0, '$4', 0.0, 50.0, '$8', 0.0, 50.0, '$3', 0.0, '$4', 50.0, 0.0, '$3', 50.0, '$11', 100.0, '$2', 50.0, '$2', 0.0, 50.0, 0.0, '$2', 50.0, 0.0, '$2', 50.0, '$2', 100.0, '$4', 0.0, 50.0, '$5', 0.0, '$7', 50.0, '$5', 0.0, '$7', 50.0, 100.0, 150.0, 100.0, '$3', 50.0, 100.0, '$4', 50.0, 0.0, '$5', 50.0, 0.0, '$3', 50.0, 100.0, '$2', 50.0, '$2', 100.0, 50.0, '$2', 150.0, '$3', 50.0, '$2', 100.0, '$4', 50.0, 0.0, '$13', 50.0, 100.0, '$2', 50.0, 0.0, '$4', 50.0, '$2', 100.0, '$3', 50.0, '$7', 100.0, '$2', 150.0, '$2', 100.0, 50.0, '$4', 100.0, 50.0, '$2', 100.0, 50.0, '$4', 100.0, '$7', 50.0, '$2', 100.0, '$15', 50.0, '$3', 100.0, '$2', 50.0, '$3', 100.0, '$2', 50.0, '$2', 0.0, '$2', 50.0, 100.0, '$3', 50.0, 100.0, 50.0, 100.0, '$3', 50.0, '$13', 100.0, 50.0, 100.0, '$4', 50.0, 100.0, 50.0, '$4', 100.0, '$2', 50.0]
[0.0, '$2', 50.0, '$7', 0.0, '$5', 50.0, '$2', 0.0, '$5', 50.0, 0.0, '$4', 50.0, '$3', 0.0, '$2', 50.0, '$5', 0.0, 50.0, '$4', 0.0, '$5', 50.0, '$2', 100.0, '$8', 50.0, '$3', 100.0, 50.0, '$3', 0.0, 50.0, '$3', 0.0, '$10', 50.0, '$5', 0.0, '$5', 50.0, 0.0, 50.0, '$2', 0.0, 50.0, 0.0, '$5', 50.0, '$2', 0.0, '$3', 50.0, 0.0, 50.0, '$2', 0.0, '$20', 50.0, '$8', 0.0, 50.0, 0.0, 50.0, 100.0, '$9', 50.0, 0.0, '$7', 50.0, 0.0, '$3', 50.0, '$2', 0.0, '$2', 50.0, '$4', 100.0, 150.0, '$6', 100.0, '$2', 50.0, '$5', 0.0, '$2', 50.0, 0.0, 50.0, 100.0, 50.0, '$4', 0.0, 50.0, '$6', 0.0, '$6', 50.0, '$5', 0.0, '$7', 50.0, 100.0, 150.0, 100.0, 0.0, 50.0, '$2', 100.0, '$10', 50.0, 0.0, '$3', 50.0, 100.0, '$5', 50.0, 100.0, 150.0, 100.0, '$3', 50.0, 100.0, '$4', 50.0, 100.0, 50.0, '$2', 100.0, 50.0, 0.0, '$4', 50.0, 100.0, '$3', 50.0, '$2', 100.0, '$6', 50.0, '$3', 100.0, '$2', 50.0, '$11', 100.0, 50.0, 100.0, '$2', 50.0, 100.0, 50.0, '$2', 100.0, '$2', 50.0, '$5', 100.0, '$8', 50.0, '$3', 100.0, 50.0, '$2', 100.0, '$4', 50.0, '$6', 100.0, '$5', 50.0, 100.0, 50.0, 0.0, 50.0, '$4', 100.0, 50.0, '$2', 100.0, '$2', 50.0, 100.0, 50.0, '$17', 100.0, 50.0, 100.0, '$4', 50.0, '$4', 100.0, '$2', 50.0]
[0.0, 50.0, '$8', 0.0, '$3', 50.0, 0.0, 50.0, '$2', 0.0, 50.0, '$2', 0.0, 50.0, '$2', 0.0, '$5', 50.0, 0.0, '$2', 50.0, '$11', 0.0, '$2', 50.0, '$2', 100.0, '$9', 50.0, '$5', 100.0, '$4', 50.0, '$2', 0.0, 50.0, '$2', 0.0, '$4', 50.0, 0.0, '$5', 50.0, '$4', 0.0, '$2', 50.0, 0.0, '$5', 50.0, '$3', 0.0, '$4', 50.0, '$3', 0.0, '$2', 50.0, 0.0, '$2', 50.0, '$2', 0.0, '$4', 50.0, '$4', 0.0, '$2', 50.0, 0.0, '$11', 50.0, '$4', 0.0, '$19', 50.0, '$5', 0.0, '$3', 50.0, 0.0, '$4', 50.0, '$10', 100.0, '$2', 50.0, '$8', 0.0, '$3', 50.0, '$11', 0.0, '$5', 50.0, '$6', 0.0, '$7', 50.0, 100.0, 150.0, 100.0, 0.0, '$2', 100.0, '$4', 50.0, 0.0, '$7', 50.0, '$2', 100.0, '$6', 50.0, 0.0, 50.0, 150.0, 100.0, 50.0, 100.0, 50.0, '$2', 100.0, 50.0, 100.0, 50.0, '$7', 100.0, '$6', 50.0, 0.0, '$8', 50.0, '$3', 100.0, '$2', 50.0, '$2', 100.0, '$3', 50.0, '$4', 100.0, 0.0, '$5', 50.0, 100.0, 50.0, '$3', 100.0, '$3', 50.0, '$3', 100.0, '$8', 50.0, '$3', 100.0, 50.0, '$2', 100.0, 50.0, 0.0, '$2', 50.0, '$5', 100.0, '$4', 50.0, 0.0, '$4', 50.0, '$6', 100.0, 150.0, 100.0, '$4', 50.0, 0.0, 50.0, '$4', 100.0, 150.0, '$2', 100.0, 50.0, '$2', 100.0, '$3', 50.0, '$2', 100.0, 50.0, 100.0, '$8', 50.0, 100.0, 50.0]
['$3', 0.0, '$3', 50.0, '$3', 0.0, '$3', 50.0, '$3', 0.0, '$3', 50.0, '$2', 0.0, '$2', 50.0, 0.0, '$5', 50.0, '$11', 0.0, 50.0, '$2', 0.0, '$5', 50.0, '$3', 0.0, 50.0, 0.0, 50.0, 0.0, 50.0, '$2', 100.0, '$2', 50.0, '$2', 100.0, 50.0, '$2', 0.0, '$2', 50.0, '$4', 0.0, '$5', 50.0, '$2', 0.0, '$2', 50.0, '$6', 0.0, '$5', 50.0, '$4', 0.0, 50.0, 0.0, 50.0, '$3', 0.0, '$2', 50.0, 0.0, '$3', 50.0, '$4', 0.0, '$2', 50.0, '$6', 0.0, '$12', 50.0, '$4', 0.0, '$7', 50.0, '$2', 0.0, '$7', 50.0, 0.0, '$2', 50.0, '$3', 0.0, 50.0, '$4', 0.0, '$4', 50.0, 0.0, '$2', 50.0, '$4', 100.0, 150.0, '$4', 100.0, '$2', 50.0, '$8', 0.0, '$2', 50.0, '$12', 0.0, '$4', 50.0, '$6', 0.0, '$7', 50.0, 100.0, 150.0, 100.0, '$2', 50.0, 100.0, '$2', 50.0, '$3', 100.0, '$2', 50.0, '$2', 0.0, '$2', 50.0, '$3', 100.0, 50.0, 0.0, 100.0, 50.0, '$4', 0.0, 100.0, 150.0, '$2', 50.0, 100.0, 50.0, '$3', 100.0, 50.0, '$5', 100.0, '$2', 50.0, 100.0, 50.0, '$2', 0.0, 50.0, '$2', 0.0, '$3', 50.0, 0.0, '$6', 50.0, '$4', 100.0, '$7', 50.0, '$2', 100.0, 50.0, 100.0, '$4', 50.0, '$2', 100.0, '$7', 50.0, '$2', 100.0, '$3', 50.0, '$2', 100.0, '$3', 50.0, 0.0, '$3', 50.0, '$3', 0.0, 50.0, '$6', 100.0, '$16', 50.0, '$4', 100.0, '$4', 50.0, '$9', 100.0, '$3', 50.0, '$3', 100.0, '$11', 50.0]
['$3', 0.0, 50.0, 0.0, 50.0, 0.0, 50.0, 0.0, '$2', 50.0, '$4', 0.0, '$2', 50.0, '$3', 0.0, '$2', 50.0, '$2', 0.0, '$4', 50.0, '$6', 0.0, '$2', 50.0, '$3', 0.0, '$4', 50.0, '$2', 0.0, 50.0, '$2', 0.0, '$2', 50.0, '$2', 0.0, '$2', 50.0, 0.0, '$6', 50.0, '$7', 0.0, 50.0, '$2', 0.0, '$2', 50.0, 0.0, 50.0, '$2', 0.0, '$3', 50.0, '$3', 0.0, 50.0, 0.0, '$2', 50.0, '$2', 0.0, '$2', 50.0, '$2', 0.0, 50.0, '$6', 0.0, '$2', 50.0, '$2', 0.0, '$9', 50.0, '$2', 0.0, '$2', 50.0, 0.0, 50.0, 0.0, '$6', 50.0, '$9', 0.0, '$14', 50.0, '$2', 0.0, 50.0, '$4', 0.0, 50.0, '$3', 0.0, '$5', 50.0, 0.0, '$3', 50.0, '$8', 100.0, 50.0, '$3', 0.0, '$2', 50.0, '$20', 0.0, 50.0, '$6', 0.0, '$8', 50.0, 100.0, 150.0, 100.0, '$6', 50.0, '$3', 100.0, '$4', 0.0, 50.0, '$3', 100.0, '$4', 50.0, 0.0, '$2', 50.0, 0.0, 100.0, 150.0, 50.0, '$2', 100.0, '$6', 50.0, '$4', 100.0, 50.0, '$4', 100.0, 50.0, 100.0, '$6', 50.0, '$4', 100.0, '$3', 50.0, 100.0, '$9', 50.0, '$4', 100.0, '$3', 50.0, '$5', 100.0, '$3', 50.0, 100.0, '$2', 50.0, 100.0, '$4', 50.0, '$2', 100.0, 50.0, 0.0, '$2', 50.0, 0.0, '$3', 50.0, 0.0, 50.0, '$2', 100.0, '$2', 50.0, 100.0, '$4', 50.0, 100.0, 50.0, '$3', 0.0, '$2', 50.0, 100.0, '$6', 50.0, 100.0, '$4', 50.0, '$6', 100.0, '$2', 50.0, '$4', 100.0, '$2', 50.0, '$6', 100.0, '$3', 50.0, '$2', 100.0, 50.0, 100.0, 50.0]
['$2', 0.0, '$2', 50.0, '$2', 0.0, '$5', 50.0, '$4', 0.0, '$2', 50.0, '$6', 0.0, '$4', 50.0, '$9', 0.0, 50.0, '$3', 0.0, '$2', 50.0, '$3', 0.0, '$5', 50.0, '$2', 0.0, 50.0, 0.0, '$2', 50.0, 0.0, '$3', 50.0, 0.0, 50.0, '$6', 0.0, '$5', 50.0, 0.0, '$2', 50.0, '$3', 0.0, 50.0, 0.0, 50.0, '$2', 0.0, '$3', 50.0, '$3', 0.0, '$4', 50.0, '$2', 0.0, '$2', 50.0, '$2', 0.0, '$4', 50.0, '$5', 100.0, '$2', 0.0, '$5', 50.0, '$2', 0.0, 50.0, 0.0, '$6', 50.0, '$11', 0.0, '$3', 50.0, '$2', 0.0, '$2', 50.0, 0.0, 50.0, '$4', 0.0, '$2', 50.0, '$3', 0.0, '$2', 50.0, '$4', 0.0, '$8', 50.0, '$8', 100.0, '$3', 50.0, 0.0, '$2', 50.0, '$27', 0.0, '$8', 50.0, 100.0, 150.0, 100.0, '$9', 50.0, '$5', 0.0, '$6', 50.0, '$2', 0.0, '$2', 100.0, 0.0, 100.0, 150.0, 100.0, 50.0, '$2', 100.0, '$5', 50.0, '$2', 100.0, 50.0, '$2', 100.0, '$2', 50.0, 0.0, '$2', 50.0, 100.0, 150.0, '$2', 100.0, '$2', 50.0, 100.0, '$19', 50.0, '$2', 100.0, '$2', 50.0, 100.0, '$2', 150.0, 100.0, 50.0, '$2', 100.0, '$2', 50.0, 100.0, '$6', 50.0, 0.0, '$14', 50.0, 100.0, '$4', 50.0, 0.0, '$7', 50.0, '$4', 100.0, '$9', 50.0, 100.0, 50.0, '$2', 100.0, '$3', 50.0, '$4', 100.0, '$2', 50.0, '$7', 100.0, '$6', 50.0, 100.0, 50.0]
['$6', 0.0, 50.0, '$2', 0.0, '$2', 50.0, '$4', 0.0, '$2', 50.0, '$6', 0.0, '$5', 50.0, '$8', 0.0, 50.0, '$3', 0.0, 50.0, 0.0, '$11', 50.0, '$3', 0.0, '$2', 50.0, '$2', 0.0, '$3', 50.0, '$6', 0.0, '$4', 50.0, 0.0, '$2', 50.0, '$8', 0.0, 50.0, '$2', 0.0, '$2', 50.0, '$3', 0.0, '$3', 50.0, 0.0, '$2', 50.0, 0.0, '$4', 50.0, '$4', 100.0, 50.0, '$4', 0.0, '$3', 50.0, 0.0, '$12', 50.0, '$2', 0.0, 50.0, '$4', 0.0, 50.0, '$3', 0.0, '$2', 50.0, '$2', 0.0, '$4', 50.0, 0.0, 50.0, 0.0, '$2', 50.0, '$2', 0.0, 50.0, 0.0, '$2', 50.0, '$4', 0.0, '$8', 50.0, '$7', 100.0, '$3', 50.0, 0.0, '$2', 50.0, '$27', 0.0, '$7', 50.0, '$2', 100.0, 150.0, 100.0, '$8', 50.0, '$3', 0.0, '$2', 50.0, 0.0, 50.0, 100.0, '$3', 50.0, 0.0, '$2', 50.0, 100.0, 50.0, 0.0, 100.0, 150.0, '$2', 50.0, '$2', 100.0, '$2', 50.0, '$6', 100.0, '$8', 50.0, '$4', 100.0, '$2', 50.0, '$3', 0.0, 50.0, 0.0, '$3', 50.0, '$2', 100.0, '$11', 50.0, '$2', 100.0, 50.0, '$5', 100.0, 50.0, 0.0, '$9', 50.0, 0.0, 100.0, 150.0, '$2', 100.0, 50.0, '$2', 100.0, '$5', 50.0, '$3', 100.0, 0.0, '$2', 50.0, '$3', 0.0, '$2', 50.0, 100.0, '$4', 50.0, '$3', 100.0, '$11', 50.0, 100.0, '$4', 50.0, '$3', 100.0, '$2', 50.0, '$7', 100.0, '$5', 50.0, '$2', 100.0, 50.0]
['$2', 0.0, '$4', 50.0, '$3', 0.0, 50.0, '$6', 0.0, 50.0, '$7', 0.0, '$4', 50.0, '$6', 0.0, '$6', 50.0, 0.0, '$7', 50.0, '$4', 0.0, '$2', 50.0, '$3', 0.0, 50.0, 0.0, '$4', 50.0, '$7', 0.0, '$3', 50.0, '$2', 0.0, '$3', 50.0, '$6', 0.0, 50.0, '$2', 0.0, 50.0, '$5', 0.0, '$5', 50.0, 0.0, '$3', 50.0, '$3', 100.0, 50.0, '$5', 0.0, '$2', 50.0, '$3', 0.0, 50.0, '$3', 0.0, '$4', 50.0, 0.0, '$5', 50.0, '$4', 0.0, '$2', 50.0, '$2', 0.0, '$4', 50.0, '$3', 0.0, '$3', 50.0, '$2', 0.0, '$2', 50.0, 0.0, 50.0, '$4', 0.0, '$14', 50.0, '$4', 100.0, '$4', 50.0, 0.0, 50.0, '$27', 0.0, '$8', 50.0, '$2', 100.0, 150.0, 100.0, '$7', 50.0, 100.0, 50.0, '$3', 0.0, '$2', 50.0, 0.0, '$3', 50.0, '$2', 0.0, 50.0, '$2', 100.0, 50.0, 0.0, '$2', 100.0, 0.0, '$2', 100.0, '$7', 50.0, '$2', 100.0, 50.0, 0.0, '$9', 50.0, '$2', 100.0, '$3', 50.0, 100.0, '$6', 50.0, '$4', 100.0, '$7', 50.0, '$2', 100.0, '$3', 50.0, '$5', 100.0, '$2', 50.0, '$2', 0.0, 50.0, '$2', 100.0, '$2', 50.0, 100.0, 50.0, 100.0, '$2', 150.0, '$2', 100.0, '$4', 50.0, '$2', 0.0, 50.0, 100.0, '$2', 150.0, 100.0, '$2', 50.0, '$2', 0.0, '$4', 50.0, 100.0, '$3', 50.0, 100.0, '$13', 50.0, '$2', 100.0, '$3', 50.0, 100.0, '$3', 50.0, '$8', 100.0, 50.0, '$2', 100.0, 50.0, '$3', 100.0, 50.0]
['$4', 50.0, 0.0, '$2', 50.0, '$2', 0.0, '$3', 50.0, '$4', 0.0, 50.0, '$5', 0.0, 50.0, 0.0, '$4', 50.0, '$6', 0.0, '$4', 50.0, 0.0, '$5', 50.0, 0.0, '$3', 50.0, '$3', 0.0, '$2', 50.0, 0.0, '$2', 50.0, '$5', 0.0, '$3', 50.0, '$4', 0.0, 50.0, '$2', 0.0, '$3', 50.0, '$2', 0.0, 50.0, '$3', 0.0, '$2', 50.0, '$5', 0.0, '$4', 50.0, '$2', 0.0, '$5', 50.0, '$3', 0.0, '$4', 50.0, '$6', 0.0, '$2', 50.0, '$4', 0.0, '$8', 50.0, '$2', 0.0, '$4', 50.0, '$3', 0.0, '$7', 50.0, '$5', 0.0, '$2', 50.0, '$14', 0.0, '$12', 50.0, '$2', 100.0, 50.0, 100.0, '$2', 50.0, '$28', 0.0, '$7', 50.0, 0.0, 50.0, 100.0, '$2', 150.0, 100.0, '$2', 50.0, '$2', 0.0, '$3', 50.0, '$2', 100.0, '$6', 50.0, '$4', 0.0, 50.0, '$5', 100.0, 150.0, 100.0, 50.0, 100.0, 50.0, '$2', 0.0, '$4', 50.0, 0.0, 50.0, '$2', 100.0, 50.0, 0.0, '$5', 50.0, 100.0, '$3', 50.0, '$2', 100.0, '$10', 50.0, '$2', 100.0, '$2', 50.0, 100.0, '$4', 50.0, 100.0, 150.0, '$8', 50.0, 100.0, '$4', 50.0, 0.0, 50.0, '$2', 100.0, 50.0, 0.0, '$6', 100.0, '$2', 0.0, '$3', 50.0, '$2', 100.0, '$2', 50.0, '$2', 100.0, '$7', 50.0, 100.0, 50.0, '$4', 100.0, '$3', 50.0, '$3', 100.0, 50.0, 100.0, '$8', 50.0, 100.0, 50.0, 100.0, '$2', 50.0, '$7', 100.0, 50.0, '$3', 100.0, '$2', 50.0, '$4', 100.0]
['$3', 50.0, '$3', 0.0, 50.0, 0.0, '$3', 50.0, '$5', 0.0, '$2', 50.0, '$6', 0.0, '$4', 50.0, '$6', 0.0, '$4', 50.0, 0.0, '$3', 50.0, '$3', 0.0, '$6', 50.0, '$4', 0.0, 50.0, '$2', 0.0, 50.0, '$3', 0.0, '$3', 50.0, '$2', 0.0, '$7', 50.0, '$4', 0.0, '$6', 50.0, 0.0, '$6', 50.0, '$2', 0.0, '$8', 50.0, 0.0, '$2', 50.0, '$3', 0.0, '$3', 50.0, 0.0, '$2', 50.0, '$3', 0.0, 50.0, '$2', 100.0, 50.0, '$2', 0.0, '$4', 50.0, '$2', 0.0, '$5', 50.0, '$2', 0.0, '$7', 50.0, '$4', 0.0, '$4', 50.0, '$3', 0.0, '$9', 50.0, '$7', 0.0, '$11', 50.0, '$28', 0.0, '$9', 50.0, '$2', 100.0, 150.0, 100.0, '$3', 50.0, 0.0, '$6', 50.0, 0.0, '$2', 100.0, '$4', 50.0, '$2', 0.0, '$5', 50.0, 100.0, 150.0, 100.0, 0.0, '$10', 50.0, 100.0, '$12', 50.0, 0.0, '$18', 50.0, 0.0, 50.0, 100.0, '$15', 50.0, 100.0, 50.0, 100.0, '$2', 50.0, '$2', 100.0, '$2', 50.0, '$2', 100.0, '$3', 50.0, '$3', 100.0, 150.0, 100.0, 50.0, '$2', 100.0, '$2', 50.0, 100.0, '$3', 50.0, '$4', 100.0, '$2', 50.0, 100.0, 50.0, '$8', 100.0, '$2', 50.0, '$3', 100.0, '$6', 50.0, 100.0, '$2', 50.0, '$4', 100.0, '$7', 50.0, '$4', 100.0]
['$3', 50.0, '$3', 0.0, '$4', 50.0, '$7', 0.0, 50.0, '$2', 0.0, 50.0, '$4', 0.0, '$6', 50.0, 0.0, 50.0, '$2', 0.0, '$2', 50.0, '$2', 0.0, '$2', 50.0, '$5', 0.0, 50.0, '$16', 0.0, '$3', 50.0, '$2', 0.0, '$5', 50.0, '$2', 0.0, '$13', 50.0, 0.0, '$6', 50.0, '$3', 0.0, '$8', 50.0, '$6', 0.0, '$3', 50.0, 0.0, 50.0, '$2', 100.0, '$5', 50.0, 0.0, 50.0, 0.0, '$8', 50.0, '$2', 0.0, '$5', 50.0, '$4', 0.0, 50.0, 0.0, '$13', 50.0, '$2', 0.0, '$2', 50.0, 0.0, '$2', 50.0, '$2', 0.0, '$4', 50.0, 0.0, '$5', 50.0, '$27', 0.0, '$7', 50.0, 0.0, 50.0, '$2', 100.0, 150.0, 100.0, '$10', 50.0, 0.0, '$2', 50.0, 100.0, '$3', 50.0, '$9', 0.0, 100.0, 150.0, '$13', 50.0, 0.0, '$41', 50.0, 100.0, '$4', 50.0, '$3', 100.0, '$3', 50.0, '$2', 100.0, '$3', 50.0, 100.0, '$3', 50.0, 100.0, '$5', 50.0, 100.0, 50.0, 0.0, '$5', 50.0, '$5', 100.0, 50.0, '$5', 100.0, 150.0, '$5', 100.0, 50.0, '$2', 100.0, 50.0, '$3', 100.0, '$3', 50.0, '$6', 100.0, '$9', 50.0, 100.0, '$2', 50.0]
['$2', 50.0, '$2', 0.0, '$2', 50.0, 0.0, '$2', 50.0, '$8', 0.0, '$4', 50.0, '$2', 0.0, '$2', 50.0, '$3', 0.0, 50.0, '$5', 0.0, 50.0, 0.0, '$9', 50.0, '$13', 0.0, 50.0, '$5', 0.0, '$2', 50.0, '$4', 0.0, '$2', 50.0, '$2', 0.0, '$8', 50.0, 0.0, '$5', 50.0, 0.0, '$4', 50.0, '$7', 0.0, '$4', 50.0, 0.0, 50.0, '$4', 0.0, '$5', 50.0, 0.0, 50.0, '$2', 100.0, '$12', 50.0, 0.0, '$4', 50.0, 0.0, '$4', 50.0, '$3', 0.0, '$3', 50.0, 0.0, '$4', 50.0, '$6', 0.0, '$3', 50.0, 0.0, '$3', 50.0, 0.0, '$6', 50.0, 100.0, '$2', 50.0, 0.0, '$4', 50.0, '$26', 0.0, '$7', 50.0, '$2', 0.0, 50.0, '$2', 100.0, 150.0, 100.0, '$6', 50.0, '$2', 0.0, '$8', 50.0, '$6', 0.0, 50.0, '$3', 0.0, 50.0, 100.0, 50.0, 0.0, '$2', 50.0, '$2', 100.0, '$15', 50.0, '$2', 100.0, '$11', 50.0, 100.0, '$22', 50.0, '$3', 100.0, '$6', 50.0, '$4', 100.0, '$4', 50.0, 100.0, '$4', 50.0, '$2', 100.0, '$8', 50.0, '$2', 100.0, 50.0, '$3', 100.0, '$2', 150.0, '$4', 100.0, '$3', 50.0, 100.0, 50.0, '$2', 100.0, '$3', 50.0, '$2', 100.0, '$4', 50.0, '$2', 100.0, 50.0, 100.0, '$13', 50.0]
['$2', 50.0, 0.0, '$6', 50.0, '$8', 0.0, '$4', 50.0, 0.0, '$2', 50.0, '$11', 0.0, '$8', 50.0, 0.0, 50.0, '$8', 0.0, '$5', 50.0, 0.0, '$2', 50.0, '$2', 0.0, '$4', 50.0, 0.0, '$2', 50.0, '$7', 0.0, '$4', 50.0, '$2', 0.0, 50.0, 100.0, '$3', 50.0, 0.0, '$3', 50.0, '$5', 0.0, 50.0, '$3', 0.0, 50.0, '$3', 0.0, '$23', 50.0, 0.0, '$3', 50.0, 0.0, '$5', 50.0, 0.0, '$13', 50.0, '$2', 0.0, '$2', 50.0, '$3', 0.0, '$5', 50.0, '$2', 0.0, '$2', 50.0, '$3', 0.0, '$5', 50.0, '$29', 0.0, '$8', 50.0, 0.0, 50.0, '$5', 100.0, '$3', 50.0, '$2', 0.0, '$3', 50.0, '$2', 100.0, 0.0, 50.0, 0.0, '$3', 50.0, 0.0, 50.0, 100.0, 50.0, 0.0, '$2', 50.0, 0.0, 50.0, 100.0, 50.0, '$2', 100.0, '$4', 50.0, 100.0, '$4', 50.0, 0.0, '$6', 50.0, '$2', 100.0, '$5', 50.0, 0.0, '$5', 50.0, 0.0, '$13', 50.0, 0.0, 50.0, 0.0, '$7', 50.0, '$2', 0.0, '$2', 50.0, '$2', 100.0, 50.0, '$2', 100.0, '$3', 50.0, 100.0, 50.0, '$2', 100.0, '$6', 50.0, 0.0, '$10', 50.0, 0.0, '$5', 50.0, '$7', 100.0, '$3', 50.0, '$3', 100.0, '$2', 50.0, '$4', 100.0, '$2', 50.0, '$2', 100.0, '$2', 50.0, 100.0, 50.0, 0.0, '$11', 50.0, '$2', 100.0]
[0.0, '$2', 50.0, 0.0, '$5', 50.0, '$7', 0.0, '$5', 50.0, 0.0, '$3', 50.0, 0.0, '$5', 50.0, '$4', 0.0, '$7', 50.0, '$3', 0.0, 50.0, '$4', 0.0, 50.0, '$8', 0.0, '$2', 50.0, '$4', 0.0, '$8', 50.0, '$2', 0.0, '$6', 50.0, 0.0, '$9', 50.0, 0.0, '$2', 50.0, '$2', 0.0, 50.0, '$3', 0.0, 50.0, '$3', 0.0, '$7', 50.0, '$2', 0.0, '$3', 50.0, 0.0, '$4', 50.0, 0.0, '$3', 50.0, '$2', 0.0, '$6', 50.0, 0.0, '$16', 50.0, 0.0, '$12', 50.0, '$5', 0.0, 50.0, 0.0, '$4', 50.0, 100.0, 50.0, '$28', 0.0, '$7', 50.0, '$3', 0.0, 50.0, '$4', 100.0, '$5', 50.0, 0.0, '$3', 50.0, '$2', 100.0, 50.0, 0.0, 50.0, 0.0, '$2', 50.0, '$2', 0.0, '$2', 50.0, '$4', 0.0, 50.0, 100.0, 50.0, '$5', 100.0, 50.0, '$2', 0.0, '$7', 50.0, 0.0, '$2', 50.0, '$2', 100.0, '$2', 50.0, '$2', 0.0, 50.0, 0.0, '$4', 50.0, '$5', 0.0, '$12', 50.0, 0.0, '$2', 50.0, '$2', 0.0, 50.0, 100.0, 50.0, '$2', 0.0, '$3', 50.0, '$4', 100.0, '$10', 50.0, '$3', 0.0, '$12', 50.0, '$3', 100.0, '$2', 50.0, 100.0, 50.0, '$6', 100.0, '$2', 50.0, '$9', 100.0, '$2', 50.0, 100.0, '$3', 50.0, '$8', 100.0, '$2', 50.0, '$3', 100.0, 50.0, '$2', 100.0]
[0.0, '$5', 50.0, '$2', 0.0, '$2', 50.0, 0.0, 50.0, '$5', 0.0, '$3', 50.0, '$2', 0.0, '$2', 50.0, '$3', 0.0, '$4', 50.0, '$5', 0.0, '$3', 50.0, '$2', 0.0, '$2', 50.0, '$6', 0.0, 50.0, '$9', 0.0, '$2', 50.0, '$5', 0.0, '$5', 50.0, '$2', 0.0, '$7', 50.0, '$3', 0.0, '$7', 50.0, '$3', 0.0, '$3', 50.0, '$2', 0.0, '$9', 50.0, 0.0, '$5', 50.0, '$2', 0.0, 50.0, '$2', 0.0, '$15', 50.0, '$3', 0.0, '$10', 50.0, '$6', 0.0, '$3', 50.0, '$3', 0.0, '$4', 50.0, 0.0, 50.0, '$7', 0.0, '$7', 50.0, '$24', 0.0, '$7', 50.0, '$4', 0.0, '$2', 50.0, '$4', 100.0, 50.0, 0.0, '$8', 50.0, 100.0, '$3', 50.0, 0.0, '$2', 50.0, '$8', 0.0, 50.0, 100.0, '$4', 50.0, '$4', 100.0, '$8', 50.0, 0.0, '$2', 50.0, 100.0, '$2', 50.0, 100.0, '$8', 50.0, '$2', 100.0, '$2', 50.0, 0.0, 50.0, 0.0, '$3', 50.0, 100.0, '$3', 50.0, 0.0, 50.0, '$2', 100.0, 0.0, 50.0, 100.0, '$10', 50.0, '$5', 100.0, '$3', 50.0, 100.0, '$3', 50.0, '$5', 0.0, '$12', 50.0, '$2', 100.0, 50.0, '$3', 100.0, '$2', 50.0, '$4', 100.0, '$7', 50.0, '$3', 100.0, '$7', 50.0, '$7', 100.0, 50.0, '$2', 0.0, '$6', 100.0]
['$7', 50.0, 0.0, '$2', 50.0, '$8', 0.0, '$2', 50.0, '$2', 0.0, 50.0, '$12', 0.0, '$4', 50.0, '$2', 0.0, 50.0, '$4', 0.0, '$2', 50.0, '$15', 0.0, 50.0, '$2', 0.0, '$4', 50.0, '$2', 0.0, '$2', 50.0, '$2', 0.0, '$4', 50.0, '$2', 0.0, '$3', 50.0, 100.0, '$3', 50.0, '$3', 0.0, '$3', 50.0, '$2', 0.0, '$10', 50.0, 0.0, 50.0, 0.0, '$3', 50.0, '$5', 0.0, 50.0, 0.0, 50.0, 100.0, 50.0, 0.0, 50.0, '$2', 0.0, '$6', 50.0, '$3', 0.0, '$9', 50.0, '$3', 0.0, 50.0, '$4', 0.0, 50.0, '$5', 0.0, '$3', 50.0, 0.0, '$2', 50.0, '$7', 0.0, 50.0, '$2', 0.0, '$4', 50.0, '$20', 0.0, '$10', 50.0, '$4', 0.0, '$2', 50.0, '$3', 100.0, '$8', 50.0, 100.0, '$4', 50.0, '$3', 0.0, '$4', 50.0, '$3', 0.0, '$8', 50.0, 100.0, '$2', 50.0, 100.0, '$2', 150.0, '$3', 50.0, '$2', 0.0, 50.0, 100.0, '$2', 50.0, 0.0, 50.0, '$4', 100.0, 0.0, '$2', 50.0, 0.0, '$5', 50.0, '$5', 0.0, '$2', 50.0, 100.0, 150.0, 100.0, '$3', 0.0, '$7', 50.0, 100.0, '$2', 50.0, 100.0, '$5', 50.0, '$3', 100.0, 150.0, 100.0, '$2', 50.0, '$2', 100.0, 50.0, '$4', 0.0, 50.0, '$3', 100.0, '$3', 50.0, '$5', 0.0, '$4', 50.0, 0.0, 50.0, '$4', 100.0, '$3', 50.0, 100.0, '$9', 50.0, '$2', 100.0, '$3', 50.0, '$2', 100.0, 50.0, 100.0, '$4', 50.0, '$3', 100.0, 50.0, '$2', 0.0, 50.0, '$5', 100.0]
['$2', 50.0, '$12', 0.0, '$6', 50.0, '$3', 0.0, '$2', 50.0, '$3', 0.0, '$2', 50.0, '$2', 0.0, '$4', 50.0, '$7', 0.0, '$5', 50.0, '$4', 0.0, '$9', 50.0, 0.0, '$8', 50.0, '$3', 0.0, 50.0, '$2', 0.0, '$3', 50.0, '$3', 0.0, '$2', 50.0, 0.0, '$3', 50.0, '$6', 0.0, '$10', 50.0, '$6', 0.0, '$5', 50.0, '$2', 0.0, 50.0, '$2', 0.0, 50.0, '$2', 0.0, '$2', 50.0, '$2', 0.0, '$2', 50.0, '$2', 0.0, '$2', 50.0, 0.0, '$20', 50.0, '$5', 0.0, '$8', 50.0, '$4', 0.0, '$10', 50.0, '$7', 0.0, '$20', 50.0, '$4', 0.0, '$3', 50.0, '$3', 100.0, 50.0, '$3', 0.0, '$23', 50.0, 100.0, '$4', 50.0, '$2', 0.0, '$2', 50.0, 100.0, 50.0, 0.0, 50.0, 0.0, '$2', 50.0, 100.0, '$8', 50.0, 100.0, '$2', 0.0, '$9', 50.0, '$2', 0.0, '$2', 50.0, '$2', 100.0, '$6', 50.0, 0.0, 50.0, 100.0, '$3', 50.0, 100.0, '$7', 50.0, '$5', 100.0, 50.0, '$2', 100.0, 50.0, 0.0, '$3', 50.0, '$4', 100.0, '$2', 50.0, 100.0, '$3', 50.0, '$4', 0.0, '$5', 50.0, '$3', 100.0, '$5', 50.0, 100.0, '$4', 50.0, '$2', 100.0, '$5', 50.0, '$6', 100.0, '$3', 50.0, 0.0, 50.0, '$2', 100.0, 50.0, 0.0, '$3', 50.0, '$4', 100.0]
[0.0, '$2', 50.0, '$3', 0.0, 50.0, '$3', 0.0, '$8', 50.0, 0.0, '$3', 50.0, '$6', 0.0, '$5', 50.0, '$9', 0.0, '$8', 50.0, '$2', 0.0, '$11', 50.0, '$2', 0.0, '$5', 50.0, '$2', 0.0, 50.0, 0.0, '$14', 50.0, '$6', 0.0, '$3', 50.0, 0.0, '$3', 50.0, '$3', 0.0, '$4', 50.0, 0.0, '$3', 50.0, '$3', 0.0, 50.0, 0.0, '$2', 50.0, 0.0, '$2', 50.0, 0.0, 50.0, 0.0, '$5', 50.0, '$2', 0.0, '$24', 50.0, '$3', 0.0, '$4', 50.0, 0.0, '$4', 50.0, '$2', 0.0, '$6', 50.0, 0.0, '$6', 50.0, '$5', 0.0, '$18', 50.0, '$5', 0.0, '$4', 50.0, '$2', 100.0, '$11', 50.0, 0.0, '$8', 50.0, 0.0, 50.0, 100.0, 50.0, '$2', 100.0, '$4', 50.0, '$3', 0.0, '$2', 50.0, '$2', 100.0, '$2', 50.0, 0.0, '$2', 50.0, 100.0, 50.0, 0.0, 50.0, 0.0, '$2', 50.0, 0.0, 50.0, '$2', 0.0, '$4', 50.0, 0.0, '$2', 50.0, '$2', 100.0, '$3', 50.0, 0.0, 50.0, 0.0, 50.0, 100.0, '$9', 50.0, 100.0, '$5', 50.0, '$2', 0.0, '$8', 50.0, 100.0, '$8', 50.0, 100.0, '$6', 50.0, 100.0, 150.0, 50.0, '$3', 0.0, '$5', 50.0, '$7', 100.0, '$7', 50.0, '$2', 100.0, '$9', 50.0, '$2', 100.0, '$5', 50.0, '$2', 100.0, 50.0, 0.0, '$3', 50.0, '$4', 100.0]
[0.0, 50.0, '$3', 0.0, '$4', 50.0, '$10', 0.0, '$2', 50.0, '$8', 0.0, '$3', 50.0, '$3', 0.0, 50.0, '$5', 0.0, '$7', 50.0, '$3', 0.0, 50.0, '$2', 0.0, '$7', 50.0, '$4', 0.0, '$5', 50.0, '$3', 0.0, '$5', 50.0, 100.0, '$2', 50.0, 100.0, '$6', 50.0, '$2', 0.0, '$3', 50.0, 0.0, '$3', 50.0, '$7', 0.0, '$6', 50.0, '$7', 0.0, '$8', 50.0, 0.0, '$2', 50.0, '$4', 0.0, 50.0, '$3', 0.0, 50.0, '$3', 0.0, '$19', 50.0, 100.0, '$2', 50.0, 0.0, '$2', 50.0, '$3', 0.0, '$6', 50.0, 0.0, '$10', 50.0, '$5', 0.0, '$14', 50.0, '$7', 0.0, '$3', 50.0, '$2', 100.0, '$3', 50.0, 100.0, '$4', 50.0, 0.0, '$2', 50.0, 100.0, '$6', 50.0, '$3', 0.0, 50.0, 0.0, '$8', 50.0, '$3', 0.0, '$8', 50.0, 100.0, '$2', 50.0, 100.0, '$2', 50.0, '$3', 0.0, 50.0, 100.0, 50.0, '$2', 0.0, '$6', 50.0, '$4', 100.0, '$2', 50.0, 0.0, '$5', 50.0, 0.0, 50.0, '$2', 100.0, 50.0, 0.0, '$3', 50.0, 100.0, '$5', 50.0, 100.0, '$9', 50.0, '$3', 100.0, '$6', 50.0, '$5', 100.0, 150.0, '$13', 50.0, 100.0, 50.0, '$2', 100.0, '$2', 50.0, 0.0, '$5', 50.0, '$2', 100.0, '$5', 50.0, 100.0, '$4', 50.0, '$3', 0.0, 50.0, '$2', 100.0, '$4', 50.0, '$4', 100.0, 50.0]
['$2', 50.0, '$2', 0.0, 50.0, '$6', 0.0, 50.0, 0.0, 50.0, '$16', 0.0, 50.0, '$3', 0.0, '$3', 50.0, 0.0, '$2', 50.0, 0.0, '$9', 50.0, '$5', 0.0, 50.0, '$2', 0.0, '$2', 50.0, '$5', 0.0, '$4', 50.0, '$3', 0.0, 50.0, 100.0, '$10', 50.0, '$3', 0.0, '$2', 50.0, '$5', 0.0, '$4', 50.0, '$3', 0.0, '$8', 50.0, '$10', 0.0, '$5', 50.0, '$10', 0.0, 50.0, '$8', 0.0, '$4', 50.0, 0.0, '$7', 50.0, 0.0, '$3', 50.0, '$2', 100.0, '$4', 50.0, '$4', 0.0, 50.0, '$4', 100.0, 50.0, 0.0, '$11', 50.0, '$4', 0.0, '$12', 50.0, '$7', 0.0, '$4', 50.0, 100.0, '$3', 50.0, 0.0, '$8', 50.0, 100.0, '$2', 50.0, 0.0, '$4', 50.0, '$2', 0.0, '$2', 50.0, 0.0, '$14', 50.0, 0.0, '$2', 50.0, 0.0, '$2', 100.0, '$4', 50.0, 0.0, 100.0, '$2', 50.0, 150.0, 100.0, '$2', 0.0, 50.0, 0.0, '$7', 50.0, 0.0, '$3', 50.0, '$2', 0.0, '$4', 50.0, '$2', 0.0, '$2', 50.0, '$2', 0.0, '$5', 50.0, '$6', 100.0, '$4', 50.0, '$2', 100.0, '$2', 50.0, '$2', 100.0, '$5', 50.0, '$6', 100.0, '$3', 50.0, '$2', 100.0, '$9', 50.0, 100.0, 150.0, '$2', 100.0, 50.0, 0.0, '$12', 50.0, '$5', 100.0, '$3', 50.0, 0.0, '$3', 50.0, 100.0, '$4', 50.0, '$2', 100.0, '$2', 50.0]
['$2', 50.0, 0.0, 50.0, '$2', 0.0, '$3', 50.0, '$19', 0.0, 50.0, 0.0, '$10', 50.0, '$2', 0.0, '$3', 50.0, 0.0, '$3', 50.0, '$2', 0.0, 50.0, '$5', 0.0, '$3', 50.0, '$3', 0.0, 50.0, 0.0, '$4', 50.0, '$2', 0.0, '$11', 50.0, '$4', 0.0, '$4', 50.0, '$2', 0.0, '$5', 50.0, '$4', 0.0, '$8', 50.0, '$5', 0.0, '$2', 50.0, 0.0, 50.0, '$2', 0.0, '$3', 50.0, '$4', 0.0, '$2', 50.0, '$4', 0.0, '$5', 50.0, '$2', 0.0, 50.0, '$4', 0.0, '$2', 50.0, '$2', 0.0, '$7', 50.0, 0.0, '$10', 50.0, 0.0, 50.0, '$4', 100.0, 50.0, 0.0, 50.0, 100.0, '$5', 50.0, 0.0, '$7', 50.0, '$5', 0.0, '$5', 50.0, '$9', 0.0, '$7', 50.0, '$4', 0.0, 50.0, 0.0, '$5', 50.0, '$2', 0.0, 100.0, 50.0, '$3', 100.0, '$2', 50.0, 0.0, '$4', 50.0, 0.0, '$4', 50.0, '$6', 100.0, '$7', 50.0, 100.0, 50.0, '$2', 0.0, '$3', 50.0, '$4', 100.0, '$6', 50.0, 100.0, '$9', 50.0, 0.0, 50.0, '$2', 0.0, '$2', 50.0, '$3', 0.0, 100.0, '$2', 50.0, '$7', 100.0, '$7', 50.0, 100.0, 150.0, '$3', 50.0, '$2', 100.0, '$3', 50.0, '$7', 100.0, '$3', 50.0, '$2', 100.0, '$2', 50.0, 100.0, '$2', 50.0, '$8', 100.0, '$3', 50.0, 0.0, '$2', 50.0, '$3', 0.0, '$4', 50.0, '$2', 100.0, 50.0, '$6', 100.0, '$4', 50.0, 100.0, 50.0, '$2', 150.0, 100.0, '$4', 50.0]
['$2', 50.0, 0.0, 50.0, 0.0, '$3', 50.0, 0.0, '$2', 50.0, '$7', 0.0, 50.0, '$8', 0.0, 50.0, '$2', 0.0, '$10', 50.0, '$9', 0.0, '$3', 50.0, '$5', 0.0, '$3', 50.0, '$2', 0.0, '$19', 50.0, '$3', 0.0, 50.0, 0.0, '$10', 50.0, '$6', 0.0, '$4', 50.0, '$16', 0.0, '$2', 50.0, 0.0, '$2', 50.0, 100.0, '$2', 50.0, '$2', 0.0, '$2', 50.0, '$2', 0.0, 50.0, '$3', 0.0, '$2', 50.0, 0.0, '$4', 50.0, '$4', 0.0, 50.0, 0.0, '$9', 50.0, '$2', 0.0, '$19', 50.0, '$4', 0.0, 50.0, '$2', 100.0, 50.0, '$16', 0.0, '$8', 50.0, '$6', 0.0, '$5', 50.0, '$2', 100.0, '$2', 50.0, 0.0, '$3', 50.0, '$2', 100.0, '$13', 50.0, 100.0, '$16', 50.0, '$2', 100.0, '$8', 50.0, 0.0, '$3', 50.0, '$2', 100.0, '$9', 50.0, '$2', 100.0, '$2', 0.0, '$2', 50.0, 0.0, 50.0, '$7', 100.0, 50.0, '$3', 100.0, '$3', 50.0, 100.0, '$3', 50.0, '$3', 100.0, 50.0, '$3', 100.0, '$2', 50.0, '$2', 100.0, '$11', 50.0, 0.0, 50.0, '$3', 100.0, '$16', 50.0, '$4', 100.0, '$3', 50.0, 100.0, '$4', 50.0, '$2', 100.0, 50.0, '$3', 100.0, '$4', 50.0]
['$2', 50.0, '$6', 0.0, '$2', 50.0, '$8', 0.0, 50.0, '$16', 0.0, '$4', 50.0, '$10', 0.0, '$3', 50.0, '$4', 0.0, 50.0, '$2', 0.0, '$6', 50.0, '$3', 0.0, '$8', 50.0, 0.0, '$3', 50.0, '$2', 0.0, '$5', 50.0, 0.0, '$3', 50.0, '$2', 0.0, '$5', 50.0, '$4', 0.0, '$4', 50.0, '$2', 0.0, '$2', 50.0, '$2', 0.0, '$2', 50.0, '$3', 0.0, '$3', 50.0, '$2', 0.0, '$8', 50.0, 0.0, '$2', 50.0, '$2', 0.0, 50.0, '$3', 0.0, '$3', 50.0, '$4', 0.0, '$2', 50.0, '$3', 0.0, '$13', 50.0, '$2', 0.0, '$14', 50.0, 100.0, '$5', 50.0, 0.0, '$4', 50.0, '$15', 0.0, '$7', 50.0, '$3', 0.0, 50.0, 0.0, '$2', 50.0, 0.0, '$3', 50.0, '$5', 100.0, '$22', 50.0, 0.0, 100.0, 50.0, 0.0, '$3', 50.0, '$2', 100.0, '$14', 50.0, 100.0, '$10', 50.0, 0.0, '$6', 50.0, '$2', 100.0, '$2', 50.0, 0.0, '$2', 50.0, '$6', 100.0, '$2', 50.0, 100.0, 50.0, '$3', 100.0, '$4', 50.0, '$2', 100.0, 50.0, 100.0, 50.0, '$2', 100.0, '$2', 150.0, 100.0, '$5', 50.0, 100.0, 50.0, '$3', 0.0, 50.0, 100.0, 50.0, '$2', 0.0, '$2', 50.0, 100.0, 50.0, '$4', 100.0, '$5', 50.0, '$2', 0.0, '$10', 50.0, '$3', 0.0, '$3', 50.0, '$2', 100.0, '$7', 50.0, 100.0]
['$2', 50.0, '$5', 0.0, '$3', 50.0, '$13', 0.0, '$2', 50.0, '$7', 0.0, '$2', 50.0, '$3', 0.0, 50.0, '$20', 0.0, '$4', 50.0, '$3', 0.0, '$2', 50.0, '$5', 0.0, '$8', 50.0, 0.0, '$11', 50.0, '$7', 0.0, 50.0, '$4', 0.0, '$10', 50.0, 0.0, '$2', 50.0, 0.0, '$8', 50.0, '$6', 0.0, 50.0, '$3', 0.0, 50.0, '$4', 0.0, 50.0, '$3', 0.0, '$3', 50.0, 100.0, 50.0, 0.0, '$4', 50.0, '$3', 0.0, '$14', 50.0, 0.0, '$15', 50.0, '$18', 0.0, '$4', 50.0, '$2', 100.0, '$2', 50.0, '$2', 0.0, 50.0, 0.0, 50.0, '$2', 100.0, 0.0, '$3', 50.0, '$4', 100.0, '$10', 50.0, '$4', 0.0, '$6', 50.0, 0.0, '$2', 50.0, 100.0, 50.0, 0.0, '$13', 50.0, '$2', 0.0, '$5', 50.0, 0.0, '$2', 50.0, '$2', 100.0, '$5', 50.0, 0.0, '$7', 50.0, '$2', 100.0, '$3', 50.0, 100.0, '$7', 50.0, 0.0, '$2', 50.0, 0.0, '$6', 50.0, 100.0, '$3', 50.0, 100.0, '$2', 50.0, '$4', 100.0, '$4', 50.0, '$3', 100.0, '$3', 50.0, '$2', 100.0, '$8', 50.0, '$2', 100.0, '$2', 50.0, '$3', 0.0, '$4', 50.0, 100.0, '$8', 50.0, 100.0, '$14', 50.0]
['$3', 50.0, '$4', 0.0, '$2', 50.0, '$2', 0.0, '$2', 50.0, '$4', 0.0, '$2', 50.0, '$3', 0.0, '$4', 50.0, '$3', 0.0, '$5', 50.0, '$4', 0.0, '$2', 50.0, '$10', 0.0, '$2', 50.0, '$6', 0.0, '$2', 50.0, '$5', 0.0, '$2', 50.0, '$7', 0.0, '$2', 50.0, '$2', 0.0, '$11', 50.0, 0.0, '$2', 50.0, '$5', 0.0, '$3', 50.0, '$2', 0.0, '$4', 50.0, 0.0, '$8', 50.0, '$5', 0.0, 50.0, '$2', 0.0, '$2', 50.0, '$10', 0.0, '$4', 50.0, '$2', 0.0, '$2', 50.0, 0.0, '$3', 50.0, '$2', 100.0, '$2', 50.0, 0.0, 50.0, '$4', 0.0, '$6', 50.0, '$2', 0.0, 50.0, '$2', 0.0, '$9', 50.0, 0.0, '$2', 50.0, '$2', 0.0, '$4', 50.0, '$8', 0.0, '$5', 50.0, '$2', 0.0, '$8', 50.0, '$3', 100.0, '$3', 50.0, '$4', 0.0, '$2', 50.0, '$2', 0.0, '$3', 50.0, '$3', 100.0, '$6', 50.0, 100.0, 50.0, 100.0, '$2', 50.0, 0.0, '$5', 50.0, '$4', 0.0, '$2', 50.0, '$2', 100.0, '$2', 50.0, 0.0, '$2', 50.0, 0.0, '$2', 50.0, '$2', 0.0, '$5', 50.0, 0.0, '$3', 50.0, '$3', 0.0, '$9', 50.0, '$5', 0.0, '$3', 50.0, 100.0, '$2', 50.0, '$2', 100.0, '$8', 50.0, 0.0, 100.0, '$3', 50.0, 0.0, '$6', 50.0, 0.0, '$6', 50.0, 100.0, 150.0, 100.0, '$2', 50.0, '$9', 100.0, '$8', 50.0, 100.0, 50.0, 0.0, '$4', 50.0, '$4', 100.0, '$2', 50.0, 100.0, '$4', 50.0, '$2', 100.0, '$3', 50.0, '$2', 100.0, '$2', 50.0, 0.0, '$7', 50.0]
['$2', 50.0, '$5', 0.0, '$2', 50.0, '$4', 0.0, 50.0, '$2', 0.0, '$9', 50.0, '$3', 0.0, '$7', 50.0, '$3', 0.0, '$6', 50.0, 0.0, 50.0, '$2', 0.0, '$3', 50.0, 0.0, 50.0, '$4', 0.0, '$2', 50.0, 0.0, '$5', 50.0, '$9', 0.0, '$2', 50.0, 0.0, '$8', 50.0, 0.0, '$5', 50.0, '$6', 0.0, '$2', 50.0, '$2', 0.0, '$4', 50.0, 0.0, '$4', 50.0, 0.0, '$4', 50.0, '$8', 0.0, '$2', 50.0, '$8', 0.0, '$10', 50.0, '$3', 0.0, '$5', 50.0, '$5', 0.0, 50.0, '$2', 0.0, '$7', 50.0, 0.0, 50.0, '$3', 0.0, '$12', 50.0, '$10', 0.0, '$4', 50.0, 0.0, '$11', 50.0, '$3', 100.0, '$6', 50.0, '$2', 0.0, '$7', 50.0, 0.0, '$2', 50.0, 0.0, '$6', 50.0, 100.0, '$9', 50.0, '$3', 0.0, '$2', 50.0, 100.0, 50.0, 100.0, '$2', 50.0, '$3', 100.0, '$7', 50.0, 0.0, 50.0, '$2', 0.0, '$2', 50.0, 0.0, '$3', 50.0, 100.0, '$4', 50.0, 0.0, '$2', 50.0, '$5', 0.0, '$7', 50.0, 100.0, '$3', 50.0, '$2', 100.0, 50.0, 0.0, 50.0, 0.0, '$25', 50.0, '$5', 100.0, 50.0, '$3', 100.0, 50.0, 100.0, '$8', 50.0, 0.0, 100.0, 150.0, 100.0, '$10', 50.0, '$3', 100.0, '$2', 0.0, '$2', 50.0, '$2', 100.0, '$4', 50.0, '$2', 0.0, '$2', 50.0]
['$7', 0.0, '$2', 50.0, '$7', 0.0, '$2', 50.0, '$2', 0.0, '$2', 50.0, '$4', 0.0, 50.0, '$2', 0.0, '$2', 50.0, '$2', 0.0, '$11', 50.0, '$2', 0.0, '$3', 50.0, '$3', 0.0, '$5', 50.0, '$2', 0.0, '$7', 50.0, '$2', 0.0, '$5', 50.0, '$2', 0.0, '$9', 50.0, '$2', 0.0, '$7', 50.0, '$5', 0.0, '$2', 50.0, 100.0, '$2', 50.0, 0.0, '$6', 50.0, 0.0, '$4', 50.0, '$8', 0.0, '$4', 50.0, 0.0, '$2', 50.0, 0.0, '$4', 50.0, '$2', 0.0, '$6', 50.0, 0.0, '$2', 50.0, '$14', 0.0, 50.0, '$2', 0.0, '$3', 50.0, 0.0, '$2', 50.0, '$2', 0.0, '$2', 50.0, '$6', 0.0, '$2', 50.0, '$9', 0.0, 50.0, 100.0, 150.0, 100.0, '$3', 0.0, '$4', 50.0, '$2', 0.0, 50.0, 100.0, '$4', 50.0, 100.0, 150.0, 100.0, 0.0, '$2', 100.0, '$9', 50.0, 0.0, '$5', 50.0, 0.0, '$10', 50.0, '$2', 100.0, '$2', 50.0, 100.0, 50.0, '$3', 0.0, '$2', 50.0, '$4', 100.0, '$4', 50.0, 0.0, '$2', 50.0, '$8', 0.0, '$2', 50.0, 0.0, '$4', 50.0, 100.0, '$4', 50.0, 0.0, 50.0, '$4', 0.0, '$9', 50.0, 100.0, 50.0, 0.0, 50.0, '$3', 100.0, 50.0, '$2', 100.0, '$17', 50.0, '$2', 100.0, '$4', 50.0, 100.0, '$3', 50.0, '$3', 100.0, 50.0, '$3', 100.0, '$9', 50.0, 0.0, 50.0, 100.0, '$16', 50.0, '$3', 0.0, '$4', 50.0, '$3', 0.0, '$2', 50.0]
['$6', 0.0, '$4', 50.0, '$5', 0.0, '$2', 50.0, '$3', 0.0, '$2', 50.0, '$2', 0.0, 50.0, '$6', 0.0, '$10', 50.0, '$2', 0.0, '$4', 50.0, '$4', 0.0, '$5', 50.0, '$3', 0.0, '$6', 50.0, '$5', 0.0, '$4', 50.0, 0.0, '$3', 50.0, 0.0, '$4', 50.0, 0.0, '$15', 50.0, '$2', 100.0, 50.0, '$2', 0.0, '$11', 50.0, '$4', 0.0, '$5', 50.0, 0.0, '$2', 50.0, 0.0, 50.0, '$2', 0.0, '$9', 50.0, 0.0, '$2', 50.0, 0.0, '$2', 50.0, '$5', 0.0, '$2', 50.0, '$8', 0.0, '$13', 50.0, '$2', 0.0, '$2', 50.0, '$10', 0.0, '$2', 50.0, 100.0, '$2', 150.0, 100.0, '$7', 50.0, '$2', 0.0, 50.0, '$3', 100.0, '$2', 50.0, 100.0, 150.0, 100.0, '$6', 50.0, '$2', 0.0, '$4', 50.0, '$2', 0.0, '$2', 50.0, 100.0, '$9', 50.0, 100.0, '$5', 50.0, 100.0, '$8', 50.0, '$2', 100.0, '$3', 50.0, '$2', 100.0, 50.0, 0.0, '$2', 50.0, '$4', 0.0, '$2', 50.0, '$3', 0.0, '$3', 50.0, 0.0, '$2', 50.0, 0.0, '$6', 50.0, '$2', 0.0, '$12', 50.0, '$2', 0.0, '$4', 50.0, '$3', 100.0, 50.0, '$3', 100.0, '$12', 50.0, 100.0, '$5', 50.0, '$4', 100.0, '$3', 50.0, '$7', 100.0, '$12', 50.0, '$2', 0.0, '$2', 50.0, '$3', 0.0, '$2', 50.0, '$4', 0.0, '$3', 50.0, 0.0, '$5', 50.0, '$2', 0.0, 50.0]
[0.0, '$4', 50.0, '$3', 0.0, '$4', 50.0, '$2', 0.0, 50.0, 0.0, 50.0, '$2', 0.0, '$3', 50.0, '$2', 0.0, 50.0, '$5', 0.0, '$7', 50.0, '$3', 0.0, 50.0, 0.0, 50.0, '$16', 0.0, '$6', 50.0, '$2', 0.0, 50.0, 0.0, '$4', 50.0, '$3', 0.0, '$3', 50.0, '$2', 0.0, 50.0, 0.0, '$2', 50.0, 100.0, '$4', 50.0, 100.0, '$6', 50.0, 100.0, '$3', 50.0, '$2', 0.0, 50.0, 0.0, '$7', 50.0, '$3', 0.0, '$8', 50.0, '$2', 0.0, 50.0, '$7', 0.0, '$7', 50.0, '$2', 0.0, 50.0, 0.0, '$2', 50.0, '$2', 0.0, 50.0, '$3', 0.0, 50.0, '$4', 0.0, '$3', 50.0, 0.0, 100.0, 50.0, '$3', 0.0, '$4', 50.0, 100.0, '$3', 50.0, 0.0, 50.0, 0.0, '$4', 50.0, '$5', 0.0, '$3', 50.0, '$2', 100.0, '$3', 150.0, '$2', 50.0, 0.0, 50.0, 100.0, '$4', 50.0, 0.0, 100.0, 150.0, '$2', 100.0, 50.0, 100.0, 150.0, 100.0, 0.0, '$13', 50.0, 0.0, '$5', 50.0, 0.0, '$5', 50.0, '$2', 100.0, 50.0, '$3', 0.0, '$2', 50.0, '$2', 100.0, 50.0, '$2', 0.0, '$6', 50.0, '$2', 100.0, '$5', 50.0, '$5', 0.0, '$3', 50.0, '$2', 0.0, '$2', 50.0, '$4', 0.0, '$2', 50.0, 0.0, '$11', 50.0, 0.0, '$21', 50.0, 0.0, '$3', 50.0, 0.0, '$12', 50.0, '$2', 100.0, '$3', 50.0, 100.0, 50.0, '$5', 100.0, '$8', 50.0, '$2', 0.0, '$6', 50.0, '$2', 0.0, '$7', 50.0, 0.0, '$7', 50.0, 0.0, '$3', 50.0]
['$4', 50.0, '$5', 0.0, '$4', 50.0, '$6', 0.0, '$2', 50.0, '$3', 0.0, '$2', 50.0, '$3', 0.0, '$5', 50.0, '$3', 0.0, '$7', 50.0, '$8', 0.0, 50.0, '$6', 0.0, '$6', 50.0, 0.0, '$8', 50.0, '$3', 0.0, '$2', 50.0, '$3', 0.0, '$4', 50.0, 0.0, '$8', 50.0, 0.0, '$16', 50.0, '$3', 0.0, 50.0, 0.0, '$9', 50.0, '$2', 0.0, 50.0, 0.0, '$2', 50.0, 0.0, '$8', 50.0, '$2', 0.0, '$14', 50.0, '$2', 100.0, '$4', 50.0, 0.0, 50.0, '$2', 0.0, '$9', 50.0, '$2', 0.0, '$3', 50.0, '$5', 0.0, '$2', 50.0, 0.0, 50.0, 100.0, '$3', 150.0, '$2', 0.0, '$3', 50.0, 100.0, 50.0, 100.0, '$2', 50.0, 100.0, 150.0, '$4', 100.0, 150.0, 100.0, 0.0, 50.0, 0.0, '$2', 50.0, 0.0, '$3', 100.0, '$12', 50.0, 0.0, '$6', 50.0, '$2', 100.0, 50.0, '$2', 0.0, '$3', 50.0, 0.0, '$6', 50.0, '$3', 0.0, 100.0, '$5', 50.0, '$6', 0.0, 50.0, 100.0, 50.0, '$2', 0.0, 50.0, '$7', 0.0, '$2', 50.0, '$2', 0.0, 50.0, '$4', 0.0, '$3', 50.0, 0.0, '$5', 50.0, 0.0, '$4', 50.0, '$3', 0.0, '$8', 50.0, 0.0, '$2', 50.0, 0.0, '$6', 50.0, 0.0, '$12', 50.0, '$2', 100.0, '$17', 50.0, 100.0, '$7', 50.0, '$2', 100.0, '$10', 50.0, '$2', 0.0, 50.0]
['$9', 0.0, '$10', 50.0, '$6', 0.0, '$2', 50.0, '$2', 0.0, '$2', 50.0, '$4', 0.0, '$5', 50.0, '$13', 0.0, '$2', 50.0, 0.0, '$8', 50.0, 0.0, '$2', 50.0, 0.0, '$7', 50.0, '$2', 0.0, '$12', 50.0, 0.0, '$4', 50.0, '$2', 0.0, '$5', 50.0, 100.0, '$13', 50.0, 0.0, '$2', 50.0, 0.0, '$2', 50.0, 0.0, '$4', 50.0, 0.0, '$2', 50.0, 0.0, '$2', 50.0, '$2', 0.0, 50.0, 0.0, 50.0, 0.0, '$11', 50.0, 100.0, '$2', 50.0, 100.0, 50.0, '$2', 100.0, '$5', 50.0, '$2', 0.0, 50.0, '$3', 0.0, '$2', 50.0, 0.0, '$2', 50.0, 0.0, '$2', 50.0, '$3', 0.0, '$3', 50.0, '$6', 0.0, '$3', 50.0, 100.0, '$3', 150.0, '$2', 50.0, 0.0, '$6', 50.0, 0.0, 100.0, '$2', 150.0, '$3', 100.0, 150.0, 100.0, '$2', 50.0, 0.0, '$4', 50.0, '$3', 100.0, '$5', 50.0, 0.0, '$2', 50.0, 100.0, '$6', 50.0, '$3', 0.0, 50.0, '$3', 100.0, '$2', 50.0, '$3', 0.0, '$2', 50.0, '$2', 0.0, '$4', 50.0, '$2', 0.0, '$8', 50.0, '$5', 0.0, '$2', 100.0, '$2', 0.0, '$6', 50.0, 0.0, '$6', 50.0, 0.0, '$5', 50.0, '$2', 0.0, '$2', 50.0, '$4', 0.0, '$3', 50.0, 100.0, '$2', 50.0, '$2', 0.0, '$6', 50.0, 0.0, '$10', 50.0, 0.0, '$11', 50.0, '$2', 100.0, '$2', 50.0, 100.0, '$9', 50.0, 100.0, 50.0, '$2', 0.0, '$2', 50.0, 100.0, '$2', 50.0, 100.0, '$4', 50.0, 100.0, '$4', 50.0, 100.0, '$2', 50.0, '$2', 0.0, 50.0, 100.0, '$2', 50.0]
['$9', 0.0, '$3', 50.0, '$2', 0.0, '$6', 50.0, '$4', 0.0, '$6', 50.0, '$2', 0.0, '$3', 50.0, '$2', 0.0, '$2', 50.0, '$4', 0.0, '$3', 50.0, '$5', 0.0, '$3', 50.0, '$2', 0.0, '$6', 50.0, '$6', 0.0, '$7', 50.0, '$2', 0.0, 50.0, '$4', 100.0, 0.0, '$10', 50.0, '$2', 0.0, 50.0, 100.0, '$5', 50.0, '$3', 0.0, 50.0, '$3', 0.0, '$6', 50.0, 0.0, '$2', 50.0, 0.0, '$2', 50.0, 0.0, '$2', 50.0, 0.0, '$4', 50.0, 0.0, '$2', 50.0, 0.0, '$6', 50.0, 0.0, 50.0, 100.0, '$15', 50.0, '$3', 0.0, '$2', 50.0, 0.0, 50.0, '$4', 0.0, 50.0, 0.0, '$9', 50.0, 0.0, 50.0, '$4', 0.0, '$5', 50.0, 100.0, '$3', 150.0, 50.0, '$2', 0.0, '$6', 50.0, 0.0, 50.0, '$2', 150.0, '$3', 100.0, 150.0, 100.0, '$3', 50.0, 0.0, '$2', 50.0, '$2', 0.0, '$2', 100.0, '$8', 50.0, 100.0, '$6', 50.0, '$4', 0.0, 50.0, '$3', 100.0, '$3', 50.0, 0.0, '$4', 50.0, 0.0, 50.0, '$2', 100.0, '$8', 50.0, 0.0, '$5', 50.0, 0.0, '$2', 50.0, '$2', 0.0, 50.0, '$2', 100.0, '$17', 50.0, 0.0, 50.0, '$2', 0.0, 50.0, '$3', 0.0, '$2', 50.0, 100.0, '$3', 50.0, '$3', 0.0, '$11', 50.0, 0.0, '$16', 50.0, '$2', 100.0, '$9', 50.0, 0.0, '$2', 50.0, 100.0, '$6', 50.0, 100.0, '$2', 50.0, 100.0, 50.0, '$5', 0.0, 50.0, '$2', 100.0, '$7', 50.0]
['$4', 0.0, '$7', 50.0, '$2', 0.0, 50.0, '$2', 0.0, '$4', 50.0, 0.0, '$5', 50.0, '$16', 0.0, '$7', 50.0, '$2', 0.0, '$4', 50.0, 0.0, '$5', 50.0, '$2', 0.0, '$2', 50.0, '$3', 0.0, '$10', 50.0, '$3', 100.0, '$9', 50.0, '$2', 0.0, 50.0, '$2', 0.0, '$9', 50.0, '$2', 0.0, 50.0, '$2', 0.0, '$6', 50.0, '$2', 0.0, '$7', 50.0, '$3', 0.0, '$13', 50.0, '$7', 0.0, '$10', 50.0, '$3', 0.0, 50.0, 0.0, 50.0, 0.0, '$4', 50.0, 0.0, '$12', 50.0, '$2', 0.0, '$8', 50.0, 100.0, 150.0, 100.0, '$6', 50.0, 0.0, '$2', 50.0, 0.0, 50.0, 100.0, 150.0, 100.0, 50.0, 100.0, 150.0, 100.0, 0.0, 50.0, '$2', 0.0, '$2', 50.0, '$2', 0.0, '$18', 50.0, '$5', 0.0, '$5', 50.0, 0.0, '$2', 50.0, '$2', 0.0, '$15', 50.0, 0.0, '$6', 50.0, '$2', 0.0, '$3', 50.0, 0.0, '$6', 50.0, 100.0, '$7', 50.0, 0.0, '$4', 50.0, '$2', 0.0, '$33', 50.0, '$9', 100.0, '$3', 50.0, 100.0, '$11', 50.0, 100.0, '$2', 50.0, 100.0, '$7', 50.0, '$5', 0.0, 50.0, 0.0, '$5', 50.0]
['$2', 0.0, '$7', 50.0, '$3', 0.0, '$13', 50.0, '$9', 0.0, 50.0, 0.0, 50.0, 0.0, '$12', 50.0, '$3', 0.0, 50.0, '$5', 0.0, '$7', 50.0, 0.0, '$12', 50.0, 100.0, '$9', 50.0, '$2', 0.0, '$13', 50.0, 0.0, '$2', 50.0, '$3', 0.0, '$2', 50.0, '$2', 0.0, '$16', 50.0, '$2', 0.0, 50.0, 0.0, '$5', 50.0, '$9', 0.0, '$8', 50.0, '$2', 0.0, '$10', 50.0, '$3', 0.0, '$4', 50.0, 0.0, '$6', 50.0, '$2', 0.0, '$2', 50.0, 0.0, '$4', 50.0, 100.0, '$2', 150.0, '$3', 50.0, '$2', 0.0, 50.0, '$2', 0.0, '$3', 50.0, 100.0, 150.0, '$3', 100.0, 150.0, 100.0, '$2', 0.0, '$2', 50.0, 0.0, 50.0, 0.0, 50.0, '$2', 0.0, '$2', 50.0, 0.0, '$2', 50.0, 0.0, '$5', 50.0, 100.0, '$6', 50.0, '$5', 0.0, '$6', 50.0, '$2', 0.0, '$5', 50.0, '$2', 0.0, '$7', 50.0, 100.0, '$3', 50.0, 0.0, 50.0, 0.0, '$4', 50.0, '$2', 0.0, '$2', 50.0, 0.0, '$2', 50.0, '$2', 0.0, '$13', 50.0, '$3', 0.0, '$5', 50.0, 100.0, '$4', 50.0, 100.0, '$20', 50.0, 0.0, 50.0, 100.0, '$7', 50.0, 100.0, '$7', 50.0, 100.0, '$16', 50.0, 100.0, '$6', 50.0, 0.0, '$4', 50.0, 100.0]
['$2', 0.0, '$14', 50.0, 0.0, '$6', 50.0, 0.0, '$2', 50.0, '$6', 0.0, '$2', 50.0, 0.0, '$6', 50.0, 0.0, '$8', 50.0, '$10', 0.0, '$4', 50.0, 0.0, 50.0, '$7', 0.0, '$5', 50.0, '$2', 0.0, '$9', 50.0, 0.0, '$5', 50.0, 0.0, '$8', 50.0, '$9', 0.0, '$2', 50.0, 0.0, '$16', 50.0, 0.0, '$6', 50.0, '$3', 0.0, '$12', 50.0, '$4', 0.0, '$11', 50.0, '$2', 0.0, '$4', 50.0, '$2', 0.0, '$6', 50.0, '$4', 0.0, '$4', 50.0, '$3', 100.0, 50.0, 0.0, '$2', 50.0, '$2', 0.0, '$2', 50.0, 0.0, '$2', 50.0, 100.0, '$2', 150.0, '$2', 100.0, 150.0, 100.0, '$4', 50.0, 0.0, 50.0, '$4', 0.0, '$15', 50.0, 0.0, 50.0, '$3', 0.0, '$6', 50.0, 0.0, '$2', 50.0, '$2', 0.0, '$5', 50.0, 0.0, '$3', 50.0, 0.0, 50.0, '$3', 0.0, '$2', 50.0, 100.0, '$21', 50.0, 0.0, '$2', 50.0, 0.0, 50.0, 0.0, 50.0, '$7', 0.0, '$2', 50.0, '$2', 100.0, 50.0, 0.0, '$5', 50.0, 100.0, '$5', 50.0, 100.0, '$4', 50.0, '$3', 0.0, '$10', 50.0, '$2', 100.0, '$15', 50.0, 0.0, '$2', 50.0, 0.0, 50.0, 100.0, '$11', 50.0, 100.0, 50.0, 0.0, '$2', 50.0, '$2', 100.0, 50.0]
['$5', 0.0, '$6', 50.0, '$2', 0.0, '$2', 50.0, '$4', 0.0, '$2', 50.0, '$3', 0.0, 50.0, '$4', 0.0, '$3', 50.0, '$3', 0.0, '$3', 50.0, '$4', 0.0, '$8', 50.0, '$4', 0.0, '$2', 50.0, '$4', 0.0, '$3', 50.0, '$3', 0.0, '$4', 50.0, '$2', 0.0, '$4', 50.0, '$4', 0.0, '$12', 50.0, 0.0, '$2', 50.0, '$3', 0.0, '$5', 50.0, '$3', 0.0, '$3', 50.0, 0.0, 50.0, '$2', 0.0, '$2', 50.0, '$2', 0.0, '$7', 50.0, '$2', 0.0, '$17', 50.0, '$3', 100.0, '$4', 50.0, '$2', 0.0, '$2', 50.0, '$3', 0.0, '$5', 50.0, '$5', 0.0, '$9', 50.0, 0.0, '$3', 50.0, '$2', 0.0, '$2', 50.0, '$3', 0.0, '$4', 50.0, '$2', 100.0, 0.0, '$2', 50.0, '$2', 0.0, '$2', 50.0, 0.0, '$4', 50.0, 100.0, 150.0, '$3', 100.0, 150.0, 100.0, '$6', 50.0, '$7', 0.0, 50.0, '$3', 0.0, '$3', 50.0, 100.0, '$6', 50.0, 0.0, '$9', 50.0, 0.0, '$7', 50.0, '$3', 0.0, '$6', 50.0, '$3', 0.0, '$4', 50.0, '$2', 0.0, 50.0, '$2', 0.0, '$6', 50.0, 100.0, '$2', 50.0, '$2', 100.0, '$3', 50.0, '$2', 100.0, '$2', 50.0, '$5', 0.0, '$2', 50.0, 0.0, '$6', 50.0, 100.0, '$9', 50.0, 100.0, '$2', 50.0, 100.0, '$27', 50.0, 100.0, '$2', 50.0, 0.0, '$6', 50.0, '$2', 100.0, '$4', 50.0, 100.0, '$14', 50.0]
['$9', 50.0, '$7', 0.0, '$4', 50.0, '$3', 0.0, 50.0, '$4', 0.0, '$4', 50.0, '$3', 0.0, '$4', 50.0, '$2', 0.0, '$8', 50.0, 0.0, '$3', 50.0, 0.0, '$9', 50.0, '$4', 0.0, '$8', 50.0, '$5', 0.0, '$15', 50.0, '$3', 0.0, '$5', 50.0, '$3', 0.0, '$3', 50.0, '$4', 0.0, '$8', 50.0, 0.0, '$3', 50.0, 0.0, '$10', 50.0, '$2', 0.0, '$5', 50.0, '$2', 100.0, 50.0, '$2', 0.0, '$2', 50.0, 0.0, '$3', 50.0, '$2', 0.0, '$3', 50.0, 0.0, '$2', 50.0, '$5', 0.0, 50.0, 0.0, '$9', 50.0, '$3', 0.0, '$5', 50.0, '$2', 0.0, '$3', 50.0, 100.0, '$5', 50.0, 0.0, '$7', 50.0, 100.0, 150.0, '$3', 100.0, 150.0, 100.0, 50.0, '$2', 0.0, '$4', 50.0, '$7', 0.0, 50.0, '$2', 0.0, '$6', 50.0, 0.0, '$8', 50.0, 0.0, '$4', 50.0, 0.0, '$5', 50.0, 100.0, '$2', 0.0, 50.0, '$2', 0.0, '$5', 50.0, 0.0, '$5', 50.0, '$2', 0.0, '$2', 50.0, '$3', 0.0, '$6', 50.0, '$2', 0.0, '$5', 50.0, '$3', 100.0, 50.0, 0.0, '$2', 50.0, '$2', 0.0, '$4', 50.0, 0.0, '$3', 50.0, 100.0, '$16', 50.0, 100.0, '$8', 50.0, '$2', 100.0, '$13', 50.0, '$5', 100.0, 50.0, 100.0, '$14', 50.0, 100.0, 50.0, '$3', 0.0, '$5', 50.0, 0.0]
['$8', 50.0, '$5', 0.0, '$7', 50.0, '$2', 0.0, '$2', 50.0, 0.0, 50.0, 0.0, '$3', 50.0, '$6', 0.0, '$2', 50.0, '$2', 0.0, '$12', 50.0, '$2', 0.0, '$5', 50.0, '$3', 0.0, 50.0, 0.0, 50.0, '$2', 0.0, '$10', 50.0, '$5', 0.0, '$2', 50.0, 0.0, '$2', 50.0, '$2', 0.0, '$14', 50.0, 0.0, '$3', 50.0, '$3', 0.0, '$5', 50.0, '$4', 0.0, '$4', 50.0, '$3', 0.0, 50.0, '$5', 0.0, '$2', 50.0, 0.0, 50.0, '$2', 0.0, '$8', 50.0, 0.0, '$2', 50.0, '$2', 0.0, '$2', 50.0, '$2', 0.0, '$4', 50.0, '$2', 0.0, '$2', 50.0, '$6', 0.0, '$10', 50.0, '$5', 0.0, 100.0, 50.0, '$2', 0.0, '$3', 50.0, 100.0, '$5', 50.0, 0.0, '$7', 50.0, '$5', 100.0, 150.0, 100.0, 0.0, 50.0, 0.0, '$3', 50.0, 0.0, 50.0, '$5', 0.0, 50.0, '$4', 0.0, '$10', 50.0, 0.0, '$5', 50.0, '$4', 0.0, '$9', 50.0, 0.0, '$4', 50.0, 100.0, '$2', 50.0, '$2', 100.0, '$2', 50.0, 0.0, '$4', 50.0, '$3', 0.0, '$3', 50.0, 0.0, '$11', 50.0, '$2', 100.0, '$4', 50.0, 0.0, '$6', 50.0, 100.0, '$5', 50.0, 0.0, 50.0, '$2', 0.0, '$3', 50.0, '$2', 100.0, '$5', 50.0, '$2', 100.0, '$2', 50.0, '$2', 100.0, 50.0, 0.0, '$3', 100.0, '$16', 50.0, '$6', 100.0, '$2', 50.0, '$11', 100.0, 50.0, 0.0, '$2', 50.0, 100.0, '$4', 50.0]
['$3', 0.0, 50.0, 0.0, '$3', 50.0, 0.0, '$10', 50.0, '$3', 0.0, 50.0, '$3', 0.0, '$3', 50.0, 0.0, '$2', 50.0, '$6', 0.0, '$3', 50.0, 100.0, '$8', 50.0, '$3', 0.0, '$5', 50.0, '$2', 0.0, '$5', 50.0, 0.0, '$11', 50.0, '$4', 0.0, '$5', 50.0, '$3', 0.0, 50.0, '$5', 0.0, '$6', 50.0, '$3', 0.0, '$11', 50.0, '$2', 0.0, '$7', 50.0, 0.0, '$3', 50.0, 0.0, 50.0, 0.0, '$11', 50.0, '$3', 0.0, '$3', 50.0, '$2', 0.0, '$8', 50.0, '$2', 0.0, '$3', 50.0, 0.0, 50.0, '$6', 0.0, '$2', 50.0, 0.0, '$6', 50.0, '$3', 0.0, '$3', 50.0, '$3', 0.0, 50.0, '$2', 100.0, '$3', 0.0, 50.0, 0.0, '$3', 50.0, '$2', 100.0, 50.0, '$2', 0.0, '$7', 100.0, '$2', 50.0, 0.0, '$5', 50.0, '$5', 0.0, 50.0, '$5', 0.0, '$2', 50.0, '$3', 0.0, '$3', 50.0, '$4', 0.0, '$10', 50.0, 0.0, '$7', 50.0, 100.0, 50.0, 0.0, '$3', 50.0, 100.0, '$5', 50.0, 0.0, '$3', 50.0, '$2', 100.0, '$2', 50.0, '$2', 0.0, '$2', 50.0, '$2', 0.0, '$2', 50.0, '$3', 0.0, '$2', 50.0, '$2', 100.0, '$7', 50.0, 0.0, '$2', 50.0, 100.0, '$5', 50.0, '$5', 0.0, 50.0, 0.0, '$10', 50.0, 0.0, '$2', 50.0, 0.0, '$4', 50.0, '$3', 100.0, '$3', 50.0, 0.0, 50.0, 0.0, 50.0, 100.0, '$7', 50.0, 0.0, '$7', 50.0, '$2', 100.0, '$3', 50.0, '$2', 100.0, '$8', 50.0, 100.0, '$3', 50.0]
['$3', 0.0, '$5', 50.0, 0.0, '$9', 50.0, '$3', 0.0, 50.0, '$4', 0.0, '$2', 50.0, 0.0, '$4', 50.0, '$5', 0.0, 50.0, 0.0, '$9', 50.0, '$3', 0.0, '$6', 50.0, 0.0, '$3', 50.0, 0.0, '$10', 50.0, '$2', 0.0, '$2', 50.0, '$5', 0.0, '$4', 50.0, '$9', 0.0, '$6', 50.0, '$5', 0.0, '$4', 50.0, '$2', 0.0, 50.0, 0.0, '$2', 50.0, '$3', 0.0, 50.0, '$2', 0.0, '$6', 50.0, 0.0, '$11', 50.0, 0.0, '$2', 100.0, '$4', 0.0, '$8', 50.0, '$5', 0.0, '$2', 50.0, 0.0, '$2', 50.0, '$4', 0.0, '$6', 50.0, 100.0, '$7', 50.0, 100.0, 50.0, '$2', 0.0, '$2', 50.0, 100.0, 150.0, 100.0, 50.0, 100.0, 50.0, '$4', 0.0, 50.0, '$2', 100.0, '$2', 50.0, 0.0, '$3', 100.0, 50.0, '$3', 100.0, '$4', 0.0, 50.0, 0.0, '$5', 50.0, '$2', 0.0, '$4', 50.0, '$2', 0.0, '$2', 50.0, 0.0, '$5', 50.0, '$5', 0.0, '$4', 50.0, 100.0, 50.0, '$2', 0.0, '$2', 50.0, '$2', 0.0, '$2', 50.0, 0.0, 50.0, 0.0, '$10', 50.0, '$3', 0.0, '$2', 50.0, '$3', 100.0, 50.0, '$3', 0.0, '$8', 50.0, 0.0, 50.0, 0.0, '$6', 50.0, '$5', 0.0, '$2', 50.0, '$3', 0.0, '$3', 50.0, 0.0, 50.0, 0.0, '$5', 50.0, 0.0, '$3', 50.0, 100.0, '$3', 50.0, 0.0, '$2', 50.0, '$4', 0.0, '$3', 50.0, '$2', 100.0, '$2', 50.0, 0.0, '$3', 50.0, 100.0, 50.0, 0.0, '$2', 50.0, 0.0, '$7', 50.0, '$2', 0.0, '$9', 50.0, '$3', 0.0, '$3', 50.0, 0.0, '$2', 50.0, 0.0, 50.0]
['$3', 0.0, '$15', 50.0, 0.0, '$2', 50.0, '$4', 0.0, '$5', 50.0, '$2', 0.0, '$2', 50.0, '$6', 0.0, '$7', 50.0, '$4', 0.0, '$6', 50.0, 0.0, '$2', 50.0, '$3', 0.0, '$10', 50.0, '$2', 0.0, '$10', 50.0, 0.0, '$4', 50.0, 100.0, '$4', 50.0, 100.0, 50.0, 0.0, '$2', 50.0, 0.0, '$6', 50.0, '$2', 0.0, '$3', 50.0, '$2', 0.0, 50.0, 0.0, '$2', 50.0, '$4', 0.0, '$4', 50.0, '$3', 0.0, '$2', 50.0, 0.0, '$6', 50.0, '$2', 0.0, 50.0, 100.0, 50.0, 0.0, '$5', 50.0, '$2', 0.0, '$2', 50.0, '$5', 0.0, '$2', 50.0, 0.0, 50.0, '$3', 0.0, '$2', 50.0, '$2', 0.0, '$5', 50.0, 0.0, '$4', 50.0, '$4', 0.0, '$5', 50.0, '$2', 100.0, '$2', 50.0, '$3', 100.0, 0.0, '$5', 50.0, '$7', 100.0, 50.0, '$3', 100.0, '$4', 50.0, '$3', 0.0, '$5', 50.0, '$2', 0.0, '$5', 50.0, '$4', 0.0, '$5', 50.0, '$5', 0.0, '$5', 50.0, '$2', 0.0, '$3', 50.0, '$2', 0.0, 50.0, '$3', 0.0, '$2', 50.0, '$2', 100.0, 50.0, '$2', 0.0, '$2', 50.0, '$2', 0.0, '$2', 50.0, 0.0, 50.0, '$2', 0.0, 50.0, '$7', 0.0, 50.0, 100.0, '$12', 50.0, '$5', 0.0, '$2', 50.0, '$2', 0.0, 50.0, 0.0, '$6', 50.0, '$2', 0.0, '$7', 50.0, '$2', 100.0, 50.0, 0.0, '$4', 50.0, '$2', 0.0, '$7', 50.0, 0.0, '$3', 50.0, '$3', 100.0, '$2', 50.0, 0.0, '$6', 50.0, '$4', 0.0, '$3', 50.0, '$2', 100.0, '$2', 50.0, '$4', 0.0, '$4', 50.0, '$4', 0.0]
['$4', 0.0, '$14', 50.0, '$5', 0.0, '$5', 50.0, '$5', 0.0, 50.0, '$4', 0.0, '$5', 50.0, 0.0, '$3', 50.0, 0.0, '$9', 50.0, 0.0, 50.0, '$4', 0.0, '$15', 50.0, '$4', 0.0, 50.0, 0.0, '$2', 50.0, 0.0, '$3', 50.0, '$5', 100.0, '$4', 50.0, '$2', 0.0, '$3', 50.0, '$3', 0.0, '$6', 50.0, '$3', 0.0, '$2', 50.0, '$3', 0.0, '$3', 50.0, '$2', 0.0, 50.0, '$2', 0.0, 50.0, '$2', 0.0, '$6', 50.0, '$3', 0.0, '$8', 50.0, '$4', 0.0, '$7', 50.0, 0.0, 50.0, '$7', 0.0, '$3', 50.0, '$3', 0.0, '$4', 50.0, '$2', 0.0, '$3', 50.0, '$2', 0.0, '$3', 50.0, '$3', 100.0, 50.0, 100.0, 50.0, 0.0, '$4', 50.0, 0.0, 50.0, '$6', 100.0, '$2', 50.0, '$2', 100.0, 50.0, '$3', 0.0, '$10', 50.0, 0.0, '$4', 50.0, '$6', 0.0, '$2', 50.0, 0.0, '$10', 50.0, '$2', 0.0, '$8', 50.0, '$2', 0.0, 50.0, 100.0, '$2', 50.0, '$2', 0.0, '$2', 50.0, '$2', 0.0, '$2', 50.0, '$2', 0.0, '$2', 50.0, 0.0, 50.0, '$8', 0.0, '$10', 50.0, '$8', 0.0, 50.0, 0.0, 50.0, '$2', 0.0, '$2', 50.0, 0.0, '$3', 50.0, '$2', 0.0, '$2', 50.0, 100.0, 50.0, 0.0, 50.0, 0.0, '$2', 50.0, 100.0, '$5', 50.0, '$3', 0.0, 50.0, '$2', 100.0, '$5', 50.0, '$2', 0.0, 50.0, '$2', 100.0, '$13', 50.0, 100.0, 50.0, 0.0, 50.0, '$2', 100.0, '$2', 50.0, '$2', 0.0, '$4', 50.0, 0.0, 50.0, 0.0, '$2', 50.0]
['$4', 0.0, '$2', 50.0, '$2', 0.0, '$6', 50.0, '$3', 0.0, 50.0, '$6', 0.0, 50.0, 0.0, '$2', 50.0, '$7', 0.0, 50.0, '$2', 0.0, '$2', 50.0, '$5', 0.0, '$9', 50.0, '$5', 0.0, '$6', 50.0, 0.0, '$3', 50.0, '$11', 0.0, 50.0, '$2', 0.0, '$3', 50.0, 0.0, '$4', 50.0, '$2', 100.0, '$5', 50.0, 0.0, '$3', 50.0, '$3', 0.0, '$13', 50.0, '$3', 0.0, 50.0, 0.0, '$4', 50.0, '$2', 0.0, '$3', 50.0, '$2', 0.0, '$10', 50.0, 0.0, '$4', 50.0, '$3', 0.0, '$9', 50.0, '$14', 0.0, 50.0, 0.0, '$2', 50.0, 0.0, '$2', 50.0, '$2', 0.0, '$5', 50.0, '$3', 100.0, '$2', 50.0, '$2', 0.0, '$8', 50.0, '$4', 100.0, '$2', 50.0, '$2', 100.0, 50.0, '$3', 0.0, '$3', 50.0, 0.0, '$3', 50.0, 0.0, '$5', 50.0, 0.0, '$2', 50.0, '$5', 0.0, '$3', 50.0, 0.0, '$3', 50.0, '$2', 0.0, '$4', 50.0, '$4', 0.0, '$3', 50.0, '$5', 0.0, '$2', 100.0, '$2', 50.0, '$3', 0.0, 50.0, 0.0, '$4', 50.0, 0.0, '$5', 50.0, '$8', 0.0, 50.0, 100.0, 50.0, 0.0, '$2', 50.0, '$2', 0.0, '$5', 50.0, '$9', 0.0, 50.0, '$3', 0.0, '$3', 50.0, 0.0, 50.0, 100.0, '$4', 50.0, '$3', 0.0, 50.0, 100.0, '$5', 50.0, '$3', 0.0, 100.0, '$5', 50.0, 100.0, 50.0, 0.0, '$6', 50.0, 100.0, '$7', 50.0, '$3', 100.0, '$4', 50.0, '$2', 100.0, '$2', 50.0, 0.0, '$2', 50.0, 100.0, '$2', 50.0, 0.0, '$3', 50.0]
['$5', 0.0, '$5', 50.0, '$5', 0.0, '$2', 50.0, '$9', 0.0, '$2', 50.0, '$8', 0.0, '$9', 50.0, '$2', 0.0, '$7', 50.0, '$2', 0.0, 50.0, '$2', 0.0, '$3', 50.0, '$3', 0.0, '$4', 50.0, '$9', 0.0, '$3', 50.0, '$2', 0.0, '$6', 50.0, '$2', 0.0, 50.0, '$2', 100.0, '$9', 50.0, '$2', 0.0, '$7', 50.0, 0.0, '$5', 50.0, '$4', 0.0, '$4', 50.0, '$2', 0.0, '$2', 50.0, '$2', 0.0, '$4', 50.0, 0.0, '$7', 50.0, 0.0, '$4', 50.0, '$2', 0.0, 50.0, '$3', 0.0, 50.0, 0.0, '$4', 50.0, 0.0, '$2', 50.0, '$13', 0.0, '$10', 50.0, '$2', 0.0, 50.0, '$2', 100.0, 50.0, '$4', 0.0, 50.0, '$2', 0.0, '$2', 50.0, 0.0, 50.0, '$3', 100.0, '$3', 50.0, '$2', 100.0, '$7', 50.0, '$2', 0.0, '$2', 50.0, 0.0, 50.0, '$2', 0.0, '$7', 50.0, '$3', 0.0, 50.0, '$4', 0.0, '$2', 50.0, '$2', 0.0, '$4', 50.0, '$10', 0.0, '$2', 50.0, '$2', 100.0, '$4', 0.0, 50.0, '$7', 0.0, 50.0, 0.0, '$2', 50.0, 0.0, '$3', 50.0, '$2', 0.0, 50.0, '$4', 0.0, '$4', 50.0, '$3', 0.0, '$5', 50.0, '$6', 0.0, '$4', 50.0, '$2', 0.0, '$5', 50.0, 100.0, '$3', 50.0, 0.0, '$12', 50.0, 0.0, '$7', 50.0, '$2', 100.0, 50.0, 0.0, '$19', 50.0, '$3', 100.0, 50.0, 0.0, '$9', 50.0]
[0.0, '$2', 50.0, 0.0, '$5', 50.0, '$4', 0.0, '$3', 50.0, '$6', 0.0, '$7', 50.0, '$7', 0.0, '$8', 50.0, '$3', 0.0, 50.0, '$2', 0.0, '$3', 50.0, '$5', 0.0, '$2', 50.0, '$4', 0.0, '$5', 50.0, '$7', 0.0, 50.0, 0.0, '$3', 50.0, '$4', 0.0, 50.0, '$4', 0.0, '$5', 50.0, 0.0, 50.0, '$4', 0.0, '$2', 50.0, '$3', 0.0, '$18', 50.0, '$3', 0.0, 50.0, 0.0, '$6', 50.0, '$2', 0.0, '$5', 50.0, 0.0, 50.0, '$2', 0.0, '$2', 50.0, 100.0, 50.0, '$2', 0.0, '$3', 50.0, '$2', 0.0, '$3', 50.0, '$2', 0.0, '$2', 50.0, '$5', 0.0, '$5', 50.0, '$3', 0.0, '$7', 50.0, 0.0, '$2', 50.0, '$2', 0.0, '$3', 50.0, 100.0, 50.0, 0.0, 50.0, 0.0, 50.0, '$3', 0.0, 50.0, 0.0, 50.0, '$3', 100.0, 50.0, 0.0, '$2', 50.0, '$2', 100.0, '$6', 50.0, '$2', 0.0, '$4', 50.0, '$4', 0.0, '$4', 50.0, '$4', 0.0, 50.0, '$2', 0.0, 50.0, 0.0, '$2', 50.0, 0.0, '$2', 50.0, '$2', 0.0, '$3', 50.0, '$8', 0.0, '$2', 50.0, 100.0, 50.0, 0.0, '$2', 50.0, 0.0, 50.0, '$5', 0.0, '$2', 50.0, '$2', 0.0, '$2', 50.0, '$2', 0.0, 50.0, 0.0, '$2', 50.0, '$6', 0.0, '$4', 50.0, '$2', 0.0, '$6', 50.0, '$7', 0.0, '$2', 50.0, 0.0, '$9', 50.0, 0.0, 50.0, '$2', 0.0, '$4', 50.0, 100.0, '$5', 50.0, '$2', 0.0, '$6', 50.0, 0.0, 50.0, 100.0, '$15', 50.0, 0.0, '$6', 50.0, 100.0, '$3', 0.0, 50.0, 0.0, '$3', 100.0, '$3', 50.0]
['$8', 50.0, '$5', 0.0, '$2', 50.0, '$7', 0.0, 50.0, '$2', 0.0, 50.0, 0.0, '$2', 50.0, 0.0, '$3', 50.0, '$2', 0.0, 50.0, '$13', 0.0, '$3', 50.0, 0.0, 50.0, '$5', 0.0, '$2', 50.0, '$2', 0.0, '$6', 50.0, '$8', 0.0, '$4', 50.0, '$3', 0.0, 50.0, '$4', 0.0, '$7', 50.0, '$5', 0.0, 50.0, '$4', 0.0, 50.0, '$5', 0.0, '$12', 50.0, 0.0, '$9', 50.0, 100.0, 50.0, 0.0, '$4', 50.0, '$5', 0.0, '$10', 50.0, '$2', 0.0, '$3', 50.0, '$2', 0.0, '$2', 50.0, 0.0, '$2', 50.0, '$2', 0.0, '$10', 50.0, '$5', 0.0, '$3', 50.0, '$4', 0.0, 50.0, '$2', 0.0, '$4', 50.0, '$5', 0.0, 50.0, '$2', 100.0, 50.0, 0.0, 50.0, 0.0, 50.0, 100.0, 0.0, '$7', 50.0, 0.0, '$2', 50.0, '$7', 0.0, '$3', 50.0, '$3', 0.0, 50.0, '$2', 0.0, 50.0, 0.0, '$5', 50.0, '$2', 0.0, '$2', 50.0, '$2', 0.0, '$3', 50.0, '$2', 0.0, '$5', 50.0, '$2', 0.0, '$2', 50.0, 0.0, 50.0, '$5', 0.0, 50.0, '$2', 0.0, '$3', 50.0, '$3', 0.0, '$4', 50.0, '$6', 0.0, '$4', 50.0, '$2', 0.0, '$4', 50.0, '$10', 0.0, '$2', 50.0, '$2', 0.0, '$9', 50.0, '$2', 0.0, '$3', 50.0, '$2', 100.0, '$5', 50.0, 0.0, '$7', 50.0, '$2', 0.0, '$18', 50.0, 100.0, 50.0, 100.0, '$10', 50.0, 0.0, '$2', 50.0]
['$3', 0.0, '$4', 50.0, '$2', 0.0, 50.0, 0.0, '$3', 50.0, '$4', 0.0, 50.0, '$3', 0.0, '$3', 50.0, '$2', 0.0, '$6', 50.0, 0.0, '$4', 50.0, '$6', 0.0, '$2', 50.0, '$2', 0.0, '$3', 50.0, '$3', 0.0, 50.0, '$4', 0.0, 50.0, '$5', 0.0, '$3', 50.0, '$2', 0.0, '$7', 50.0, 0.0, '$8', 50.0, '$3', 0.0, '$12', 50.0, '$5', 0.0, 50.0, '$7', 0.0, '$19', 50.0, '$2', 100.0, '$5', 50.0, '$3', 0.0, 50.0, '$2', 0.0, '$11', 50.0, 0.0, '$4', 50.0, '$2', 0.0, '$3', 50.0, '$3', 0.0, '$6', 50.0, '$2', 0.0, '$3', 50.0, '$3', 0.0, '$5', 50.0, '$7', 0.0, 50.0, 0.0, '$3', 50.0, '$3', 0.0, 50.0, '$2', 100.0, 50.0, '$3', 0.0, 50.0, 100.0, 50.0, 0.0, '$2', 50.0, 0.0, '$3', 50.0, 0.0, 50.0, '$2', 0.0, 50.0, 0.0, '$2', 50.0, '$2', 0.0, '$6', 50.0, '$4', 0.0, '$9', 50.0, '$3', 0.0, '$4', 50.0, '$2', 100.0, '$3', 50.0, 0.0, '$4', 50.0, '$2', 0.0, 50.0, '$2', 0.0, '$3', 50.0, '$2', 0.0, '$5', 50.0, 0.0, 50.0, 0.0, 50.0, 100.0, '$5', 0.0, '$15', 50.0, '$3', 0.0, 50.0, '$2', 0.0, '$2', 50.0, 0.0, '$16', 50.0, 100.0, '$6', 50.0, 0.0, 50.0, '$3', 0.0, '$3', 50.0, '$2', 0.0, '$2', 50.0, '$2', 0.0, '$17', 50.0, 0.0, '$3', 50.0, 0.0, '$2', 50.0, '$3', 0.0, 50.0, 100.0]
[50.0, '$4', 0.0, '$2', 50.0, '$2', 0.0, '$4', 50.0, '$4', 0.0, 50.0, '$4', 0.0, '$2', 50.0, '$3', 0.0, '$6', 50.0, '$10', 0.0, '$3', 50.0, 0.0, '$3', 50.0, '$2', 0.0, '$2', 50.0, '$5', 0.0, 50.0, '$5', 0.0, '$2', 50.0, '$3', 0.0, '$7', 50.0, 0.0, '$8', 50.0, 0.0, '$4', 50.0, '$2', 0.0, '$4', 50.0, 0.0, '$2', 50.0, '$4', 0.0, 50.0, '$2', 0.0, 50.0, '$3', 0.0, '$3', 50.0, '$3', 0.0, '$6', 50.0, '$2', 0.0, 50.0, 0.0, '$13', 50.0, 0.0, '$3', 50.0, '$2', 0.0, '$2', 50.0, '$2', 0.0, '$7', 50.0, '$2', 0.0, '$5', 50.0, '$5', 0.0, '$5', 50.0, '$4', 0.0, '$2', 50.0, '$3', 0.0, '$3', 50.0, '$2', 0.0, '$4', 50.0, '$2', 0.0, 50.0, '$2', 0.0, '$6', 50.0, 0.0, '$2', 100.0, 50.0, '$5', 0.0, '$2', 100.0, 50.0, 0.0, 50.0, 0.0, 50.0, 100.0, '$2', 50.0, '$5', 0.0, '$2', 50.0, '$3', 0.0, 50.0, 0.0, '$4', 50.0, '$2', 0.0, 50.0, 100.0, 50.0, 0.0, '$2', 50.0, '$2', 0.0, '$3', 50.0, '$2', 0.0, '$2', 50.0, 0.0, '$5', 50.0, 0.0, 50.0, '$2', 0.0, '$3', 50.0, 0.0, 50.0, 0.0, '$3', 50.0, '$4', 0.0, 50.0, 0.0, '$6', 50.0, 100.0, 50.0, '$6', 0.0, '$12', 50.0, '$4', 0.0, 50.0, '$3', 0.0, 50.0, '$2', 0.0, '$8', 50.0, '$2', 0.0, '$8', 50.0, '$2', 100.0, '$2', 50.0, '$2', 0.0, '$8', 50.0, 0.0, '$11', 50.0, 100.0, '$8', 50.0, 0.0, '$3', 50.0, '$2', 0.0, 50.0, '$3', 0.0, 50.0, 100.0]
['$4', 0.0, '$3', 50.0, '$2', 0.0, '$3', 50.0, '$3', 0.0, '$3', 50.0, '$2', 0.0, '$4', 50.0, '$5', 0.0, '$3', 50.0, '$2', 0.0, 50.0, '$7', 0.0, '$5', 50.0, '$4', 0.0, '$3', 50.0, 0.0, 50.0, '$2', 0.0, '$2', 50.0, '$4', 0.0, '$3', 50.0, '$2', 0.0, '$3', 50.0, 0.0, '$4', 50.0, 0.0, '$7', 50.0, 0.0, '$2', 50.0, '$4', 0.0, '$6', 50.0, '$10', 0.0, '$6', 50.0, 0.0, '$7', 50.0, '$5', 0.0, 50.0, '$4', 0.0, '$7', 50.0, 0.0, '$4', 50.0, '$2', 0.0, '$7', 50.0, '$2', 0.0, '$7', 50.0, '$3', 0.0, '$6', 50.0, '$7', 0.0, 50.0, '$4', 0.0, 50.0, '$4', 0.0, '$4', 50.0, '$3', 0.0, '$7', 50.0, 100.0, 50.0, '$2', 100.0, 50.0, '$5', 0.0, '$5', 50.0, '$2', 0.0, 50.0, 100.0, '$2', 50.0, '$2', 0.0, '$2', 50.0, 100.0, '$3', 50.0, 0.0, '$7', 50.0, 0.0, '$3', 50.0, '$2', 0.0, '$4', 50.0, '$3', 0.0, '$2', 50.0, '$3', 0.0, '$4', 50.0, '$2', 0.0, 50.0, '$2', 0.0, '$2', 50.0, '$3', 0.0, '$2', 50.0, '$4', 0.0, '$4', 50.0, 0.0, '$2', 50.0, '$2', 0.0, '$2', 50.0, '$5', 0.0, '$13', 50.0, 0.0, 50.0, '$9', 0.0, 50.0, '$2', 100.0, '$2', 50.0, '$4', 0.0, '$3', 50.0, 0.0, '$7', 50.0, 100.0, 50.0, '$2', 0.0, '$9', 50.0, 0.0, '$18', 50.0, 0.0, '$5', 50.0, 0.0, '$6', 50.0]
['$3', 0.0, 50.0, '$3', 0.0, 50.0, 0.0, '$2', 50.0, '$4', 0.0, '$2', 50.0, '$3', 0.0, '$4', 50.0, 0.0, 50.0, '$3', 0.0, '$7', 50.0, '$6', 0.0, '$3', 50.0, '$2', 0.0, '$2', 50.0, '$2', 0.0, '$3', 50.0, '$4', 0.0, '$2', 50.0, '$4', 0.0, '$3', 50.0, '$3', 0.0, '$3', 50.0, 0.0, '$5', 50.0, '$3', 0.0, '$5', 50.0, '$4', 0.0, '$10', 50.0, 0.0, '$2', 50.0, '$6', 0.0, '$2', 50.0, '$2', 0.0, '$3', 50.0, 0.0, '$4', 50.0, '$2', 0.0, 50.0, '$2', 0.0, 50.0, 0.0, '$2', 50.0, 0.0, '$5', 50.0, 0.0, '$14', 50.0, '$4', 0.0, '$6', 50.0, 0.0, '$5', 50.0, '$11', 0.0, 50.0, '$3', 0.0, 50.0, 0.0, '$3', 50.0, 0.0, '$2', 50.0, '$2', 100.0, 50.0, '$3', 0.0, '$2', 50.0, 0.0, '$4', 50.0, '$2', 100.0, 50.0, '$5', 0.0, 50.0, 100.0, '$3', 50.0, '$2', 0.0, '$2', 50.0, 100.0, '$2', 50.0, '$2', 0.0, 50.0, '$2', 100.0, '$3', 50.0, 0.0, '$7', 50.0, '$5', 0.0, '$10', 50.0, '$2', 0.0, '$5', 50.0, 0.0, '$2', 50.0, '$5', 0.0, '$3', 50.0, '$3', 0.0, '$6', 50.0, 0.0, '$2', 50.0, '$2', 0.0, '$2', 50.0, '$2', 0.0, '$14', 50.0, 0.0, '$2', 50.0, '$10', 0.0, 100.0, '$8', 50.0, '$2', 0.0, '$2', 50.0, 0.0, '$6', 50.0, 100.0, '$2', 50.0, '$2', 0.0, '$3', 50.0, 0.0, 50.0, 0.0, '$8', 50.0, 0.0, '$11', 50.0, '$2', 0.0, '$2', 100.0, '$9', 50.0]
['$7', 0.0, 50.0, 0.0, 50.0, '$6', 0.0, '$3', 50.0, 0.0, '$3', 50.0, '$3', 0.0, '$7', 50.0, '$2', 0.0, 50.0, '$6', 0.0, '$3', 50.0, 0.0, '$6', 50.0, '$5', 0.0, '$2', 50.0, '$5', 0.0, '$4', 50.0, 0.0, '$11', 50.0, '$4', 0.0, '$2', 50.0, '$4', 0.0, '$7', 50.0, '$2', 0.0, '$5', 50.0, '$7', 0.0, 50.0, '$3', 0.0, 50.0, '$2', 0.0, '$4', 50.0, '$4', 0.0, '$2', 50.0, 0.0, '$2', 50.0, '$5', 0.0, '$4', 50.0, 0.0, '$13', 50.0, 0.0, '$13', 50.0, '$4', 0.0, '$2', 50.0, '$4', 0.0, '$2', 50.0, '$5', 0.0, '$3', 50.0, '$2', 0.0, '$2', 50.0, '$4', 100.0, '$3', 50.0, 0.0, 50.0, 100.0, '$2', 50.0, '$2', 100.0, 50.0, '$6', 0.0, '$4', 50.0, '$3', 0.0, 50.0, '$3', 100.0, 50.0, 0.0, '$6', 50.0, '$2', 0.0, 50.0, 100.0, 50.0, '$2', 0.0, '$2', 50.0, 100.0, 50.0, '$3', 0.0, 100.0, '$14', 50.0, '$3', 0.0, 50.0, '$6', 0.0, '$3', 50.0, '$2', 0.0, '$4', 50.0, 0.0, '$5', 50.0, '$2', 0.0, '$6', 50.0, 0.0, '$6', 50.0, '$2', 0.0, '$2', 50.0, '$2', 0.0, 50.0, '$10', 0.0, '$8', 50.0, '$3', 0.0, '$2', 50.0, '$2', 0.0, '$4', 50.0, 100.0, 0.0, 50.0, 100.0, 50.0, '$7', 0.0, '$8', 50.0, '$2', 0.0, '$5', 50.0, 100.0, '$2', 50.0, '$2', 0.0, '$3', 50.0, 100.0, '$3', 50.0, 0.0, '$5', 50.0]
['$4', 0.0, 50.0, '$2', 0.0, '$3', 50.0, '$3', 0.0, 50.0, 0.0, '$6', 50.0, '$2', 0.0, 50.0, 0.0, '$6', 50.0, '$3', 0.0, '$2', 50.0, '$4', 0.0, '$11', 50.0, '$5', 0.0, '$3', 50.0, '$7', 0.0, '$2', 50.0, 0.0, '$7', 50.0, 0.0, '$10', 50.0, '$3', 0.0, '$2', 50.0, '$2', 0.0, '$9', 50.0, '$7', 0.0, '$5', 50.0, '$2', 0.0, '$4', 50.0, '$5', 0.0, '$3', 50.0, 0.0, '$3', 50.0, 0.0, '$9', 50.0, 0.0, '$10', 50.0, 100.0, '$4', 50.0, 100.0, '$2', 50.0, '$3', 0.0, 50.0, '$6', 0.0, '$2', 50.0, '$4', 0.0, '$2', 50.0, '$3', 0.0, '$5', 50.0, '$3', 0.0, 50.0, '$5', 100.0, '$2', 50.0, 0.0, '$4', 50.0, '$2', 100.0, 50.0, '$7', 0.0, 50.0, 0.0, '$2', 50.0, 0.0, 50.0, 0.0, 50.0, '$3', 100.0, 50.0, 0.0, '$3', 50.0, 0.0, '$2', 50.0, 0.0, '$7', 50.0, '$2', 100.0, 50.0, '$2', 0.0, '$7', 50.0, 0.0, '$6', 50.0, '$2', 0.0, 50.0, '$5', 0.0, 50.0, '$2', 0.0, '$2', 50.0, 100.0, '$9', 50.0, '$2', 100.0, '$2', 50.0, '$5', 0.0, '$8', 50.0, '$3', 0.0, '$4', 50.0, '$10', 0.0, '$2', 50.0, 0.0, '$4', 50.0, '$4', 0.0, '$4', 50.0, '$2', 0.0, '$3', 50.0, 100.0, '$6', 50.0, 0.0, 50.0, '$2', 0.0, 50.0, 0.0, '$8', 50.0, 0.0, '$9', 50.0, '$2', 0.0, '$2', 50.0, '$2', 100.0, '$8', 50.0]
['$5', 50.0, 0.0, '$4', 50.0, 0.0, '$13', 50.0, 0.0, '$2', 50.0, '$7', 0.0, 50.0, '$4', 0.0, '$12', 50.0, '$4', 0.0, '$7', 50.0, '$4', 0.0, '$7', 50.0, '$4', 0.0, 50.0, '$3', 0.0, '$4', 50.0, '$2', 100.0, 50.0, 0.0, '$3', 50.0, 0.0, '$5', 50.0, 0.0, '$3', 50.0, '$7', 0.0, '$6', 50.0, 0.0, '$5', 50.0, '$3', 0.0, '$4', 50.0, '$2', 0.0, '$9', 50.0, '$2', 100.0, 50.0, 0.0, '$7', 50.0, '$3', 0.0, 50.0, 100.0, '$2', 50.0, 100.0, '$4', 50.0, 0.0, '$7', 50.0, 0.0, '$7', 50.0, '$6', 0.0, '$2', 50.0, 100.0, 50.0, '$4', 0.0, 50.0, '$5', 100.0, '$2', 0.0, '$4', 50.0, 100.0, '$2', 50.0, '$7', 0.0, 50.0, 0.0, '$3', 50.0, '$2', 0.0, '$3', 50.0, '$2', 100.0, 50.0, 0.0, '$3', 50.0, '$3', 0.0, '$4', 50.0, '$3', 0.0, '$8', 50.0, 0.0, '$3', 50.0, '$4', 0.0, '$2', 50.0, '$2', 100.0, 0.0, '$3', 50.0, '$3', 0.0, 50.0, 0.0, 50.0, 0.0, '$9', 50.0, 100.0, 50.0, '$3', 100.0, 50.0, '$5', 0.0, '$7', 50.0, '$3', 0.0, '$3', 50.0, '$2', 0.0, 50.0, '$9', 0.0, '$2', 50.0, 0.0, '$5', 50.0, '$3', 0.0, '$3', 50.0, '$4', 0.0, '$7', 50.0, '$2', 100.0, 50.0, '$2', 0.0, '$3', 50.0, 100.0, 50.0, 0.0, '$3', 50.0, 0.0, 50.0, '$2', 0.0, '$7', 50.0, 0.0, '$4', 50.0, 100.0, 50.0, 0.0, '$3', 50.0, 100.0, '$3', 50.0]
['$5', 50.0, 0.0, '$4', 50.0, 0.0, '$8', 50.0, 0.0, 50.0, '$2', 0.0, '$2', 50.0, '$13', 0.0, '$2', 50.0, '$5', 0.0, '$2', 50.0, 0.0, '$14', 50.0, '$5', 0.0, '$2', 50.0, 0.0, 50.0, '$2', 0.0, 50.0, '$3', 0.0, 50.0, '$3', 0.0, 50.0, 0.0, '$5', 50.0, 0.0, '$3', 50.0, 0.0, '$2', 50.0, 100.0, '$2', 50.0, '$2', 0.0, '$4', 50.0, '$4', 0.0, '$3', 50.0, '$2', 0.0, 50.0, '$2', 0.0, '$2', 50.0, 0.0, '$2', 50.0, '$2', 0.0, '$2', 50.0, '$2', 0.0, 50.0, '$5', 0.0, '$5', 50.0, 0.0, 50.0, 0.0, '$13', 50.0, 100.0, '$3', 50.0, 0.0, '$5', 50.0, '$2', 0.0, '$8', 50.0, 0.0, '$6', 50.0, '$5', 0.0, '$2', 50.0, '$4', 0.0, '$3', 50.0, '$3', 100.0, 50.0, '$2', 100.0, '$3', 50.0, 100.0, 50.0, '$8', 0.0, '$2', 50.0, '$2', 0.0, 50.0, 0.0, '$6', 50.0, 100.0, '$4', 50.0, '$4', 0.0, '$3', 50.0, '$3', 0.0, 100.0, 50.0, 0.0, '$3', 50.0, 100.0, 50.0, 0.0, '$4', 50.0, '$5', 0.0, 50.0, 100.0, '$2', 50.0, '$2', 100.0, '$4', 50.0, '$2', 0.0, '$6', 50.0, '$2', 100.0, '$2', 50.0, '$2', 100.0, '$2', 50.0, 100.0, '$4', 50.0, 0.0, '$9', 50.0, '$3', 0.0, '$6', 50.0, '$7', 0.0, '$3', 50.0, '$2', 0.0, 50.0, '$5', 0.0, '$4', 50.0, '$3', 0.0, '$10', 50.0, 100.0, 50.0, '$3', 0.0, 50.0, '$2', 100.0, '$3', 50.0, 100.0, 50.0, '$2', 0.0, '$4', 50.0, '$2', 100.0, '$3', 50.0, 100.0, '$2', 50.0, 0.0, '$7', 50.0, 100.0, '$2', 50.0]
['$5', 50.0, 0.0, '$15', 50.0, 0.0, 50.0, 0.0, '$3', 50.0, 0.0, '$7', 50.0, '$7', 0.0, '$5', 50.0, '$2', 0.0, '$12', 50.0, '$5', 0.0, '$2', 50.0, '$4', 0.0, 50.0, '$6', 0.0, '$2', 50.0, '$4', 0.0, '$2', 50.0, '$5', 0.0, '$7', 50.0, '$3', 0.0, '$3', 50.0, '$11', 0.0, '$5', 50.0, '$2', 0.0, '$2', 50.0, 0.0, '$3', 50.0, '$5', 0.0, '$16', 50.0, '$2', 100.0, '$2', 50.0, '$2', 0.0, '$13', 50.0, 0.0, '$4', 50.0, 0.0, '$8', 50.0, '$4', 0.0, 50.0, '$3', 0.0, '$2', 50.0, '$3', 0.0, '$5', 50.0, '$2', 0.0, '$3', 50.0, '$8', 0.0, 50.0, 100.0, 50.0, 0.0, '$2', 50.0, 0.0, '$15', 50.0, 0.0, 50.0, '$2', 0.0, 50.0, 100.0, '$5', 50.0, 100.0, '$4', 50.0, 0.0, '$3', 50.0, 100.0, '$2', 50.0, 0.0, '$6', 50.0, '$2', 0.0, '$2', 50.0, 0.0, '$3', 50.0, 100.0, '$2', 50.0, '$2', 100.0, '$3', 50.0, '$2', 100.0, '$2', 50.0, 100.0, 50.0, 0.0, 50.0, '$3', 100.0, '$2', 50.0, '$3', 0.0, '$2', 50.0, '$3', 0.0, '$3', 50.0, '$3', 0.0, '$2', 50.0, '$5', 0.0, '$7', 50.0, '$3', 0.0, 50.0, 0.0, '$3', 50.0, '$3', 0.0, '$6', 50.0, '$2', 0.0, '$2', 50.0, '$2', 100.0, 50.0, 0.0, '$3', 50.0, 0.0, '$2', 50.0, '$3', 100.0, 50.0, 0.0, '$7', 50.0, 0.0, '$12', 50.0, '$3', 100.0]
['$21', 50.0, '$3', 0.0, '$3', 50.0, '$2', 0.0, '$2', 50.0, 0.0, '$4', 50.0, '$3', 0.0, '$13', 50.0, 0.0, '$8', 50.0, '$2', 0.0, 50.0, 0.0, '$2', 50.0, '$5', 0.0, 50.0, '$5', 0.0, '$3', 50.0, '$2', 0.0, '$3', 50.0, '$5', 0.0, '$10', 50.0, 0.0, 50.0, '$13', 0.0, '$4', 50.0, '$3', 0.0, '$2', 50.0, '$2', 0.0, '$2', 50.0, '$6', 0.0, '$6', 50.0, 0.0, '$6', 50.0, '$2', 100.0, '$2', 50.0, '$3', 0.0, '$3', 50.0, 0.0, 50.0, '$2', 0.0, '$4', 50.0, 100.0, 0.0, '$2', 50.0, '$2', 0.0, 50.0, '$2', 0.0, '$2', 50.0, 0.0, 50.0, '$5', 0.0, '$2', 50.0, '$4', 0.0, '$3', 50.0, '$3', 0.0, '$4', 50.0, 0.0, '$4', 50.0, '$10', 0.0, '$8', 50.0, '$2', 0.0, '$2', 50.0, 0.0, '$8', 50.0, '$2', 0.0, 50.0, 0.0, '$7', 50.0, 0.0, '$4', 50.0, '$2', 0.0, '$2', 50.0, '$2', 100.0, 50.0, 0.0, 50.0, 100.0, '$8', 50.0, 0.0, '$2', 50.0, 0.0, '$8', 50.0, 100.0, 50.0, 100.0, 50.0, '$2', 100.0, '$7', 50.0, '$8', 0.0, 50.0, 100.0, 50.0, '$4', 0.0, 50.0, '$4', 0.0, '$3', 50.0, 0.0, '$4', 50.0, 0.0, 50.0, '$2', 0.0, '$5', 50.0, '$2', 0.0, 50.0, '$3', 0.0, '$2', 50.0, '$4', 0.0, '$2', 50.0, '$2', 100.0, 50.0, 0.0, '$2', 50.0, '$2', 0.0, '$5', 50.0, 0.0, '$8', 50.0, 100.0, '$2', 50.0, '$2', 0.0, 50.0, 100.0, 50.0, '$2', 0.0, '$2', 50.0, 100.0, 50.0]
[50.0, '$7', 0.0, '$2', 50.0, 0.0, 50.0, 0.0, '$6', 50.0, '$2', 0.0, '$5', 50.0, '$3', 0.0, 50.0, '$2', 0.0, 50.0, '$5', 0.0, '$11', 50.0, '$2', 0.0, 50.0, '$2', 0.0, '$7', 50.0, '$11', 0.0, '$3', 50.0, 0.0, '$4', 50.0, 0.0, 50.0, 0.0, '$3', 50.0, '$4', 0.0, '$8', 50.0, '$2', 0.0, '$2', 50.0, '$2', 0.0, '$2', 50.0, 0.0, '$3', 50.0, 0.0, 50.0, '$3', 0.0, '$5', 50.0, '$2', 0.0, '$3', 50.0, '$2', 0.0, 50.0, '$8', 0.0, '$4', 50.0, '$2', 0.0, '$9', 50.0, '$2', 0.0, '$3', 50.0, '$2', 100.0, 0.0, '$2', 50.0, '$2', 0.0, '$3', 50.0, 100.0, 50.0, 0.0, '$4', 50.0, 0.0, 50.0, '$2', 0.0, '$3', 50.0, '$4', 0.0, 50.0, 100.0, 50.0, '$5', 0.0, '$3', 50.0, 0.0, '$2', 50.0, 0.0, '$2', 50.0, 0.0, '$2', 50.0, '$11', 0.0, 50.0, 0.0, '$3', 50.0, 100.0, '$2', 50.0, 0.0, '$2', 50.0, '$2', 0.0, '$12', 50.0, 100.0, 50.0, 0.0, 50.0, 0.0, '$2', 50.0, '$2', 0.0, '$4', 50.0, 0.0, '$3', 50.0, '$2', 100.0, '$2', 50.0, 100.0, 50.0, 0.0, '$3', 50.0, 100.0, '$2', 50.0, 0.0, 50.0, '$8', 0.0, '$4', 50.0, '$4', 100.0, '$7', 50.0, '$3', 0.0, 50.0, '$2', 0.0, '$6', 50.0, 0.0, 50.0, '$6', 0.0, '$3', 50.0, '$2', 0.0, '$4', 50.0, 0.0, 50.0, 0.0, '$4', 50.0, '$2', 0.0, '$3', 50.0, '$4', 0.0, '$4', 50.0, 0.0, '$4', 50.0, '$2', 0.0, 50.0, 100.0, '$2', 50.0, '$3', 0.0, '$3', 50.0, 0.0, '$3', 50.0, 0.0, '$3', 100.0, '$7', 50.0, 0.0, '$5', 50.0]
[50.0, '$3', 0.0, '$2', 50.0, 0.0, '$3', 50.0, '$2', 0.0, '$6', 50.0, '$2', 0.0, '$5', 50.0, '$5', 0.0, 50.0, 0.0, 50.0, 0.0, '$2', 50.0, '$2', 0.0, '$9', 50.0, 0.0, 50.0, '$6', 0.0, 50.0, 0.0, '$5', 50.0, 0.0, 50.0, '$9', 0.0, 50.0, 0.0, '$7', 50.0, 0.0, 50.0, '$5', 0.0, '$9', 50.0, '$3', 0.0, 50.0, 0.0, '$6', 50.0, '$4', 0.0, 50.0, '$2', 0.0, '$4', 50.0, '$2', 0.0, '$2', 50.0, '$2', 0.0, 50.0, 0.0, 50.0, '$8', 0.0, '$4', 50.0, 0.0, '$11', 50.0, 0.0, 50.0, '$3', 100.0, '$3', 50.0, '$4', 0.0, '$3', 50.0, '$2', 0.0, 50.0, '$3', 0.0, '$4', 50.0, 0.0, 50.0, '$5', 0.0, '$5', 50.0, '$2', 0.0, '$3', 50.0, 0.0, 50.0, '$5', 0.0, '$2', 50.0, '$5', 0.0, '$2', 50.0, '$4', 0.0, 50.0, '$4', 0.0, 100.0, '$6', 50.0, 0.0, '$13', 50.0, 0.0, '$8', 50.0, '$2', 0.0, '$5', 50.0, '$4', 100.0, '$3', 50.0, 0.0, '$9', 50.0, '$3', 0.0, '$7', 50.0, 100.0, 50.0, 0.0, '$2', 50.0, '$2', 0.0, 50.0, 0.0, '$4', 50.0, '$2', 0.0, 50.0, 0.0, '$2', 50.0, '$2', 0.0, '$6', 50.0, '$4', 0.0, '$2', 50.0, '$3', 0.0, '$3', 50.0, 0.0, 50.0, 0.0, '$17', 50.0, 100.0, 50.0, 100.0, 50.0, '$2', 0.0, '$3', 50.0, 150.0, 100.0, '$3', 50.0, 0.0, '$2', 50.0, 0.0, '$2', 50.0, 0.0, '$3', 50.0, '$2', 100.0, '$6', 50.0, 100.0, '$4', 50.0, 0.0, 50.0]
['$10', 50.0, '$3', 0.0, '$4', 50.0, '$2', 0.0, 50.0, 0.0, '$4', 50.0, '$8', 0.0, '$2', 50.0, 0.0, 50.0, '$6', 0.0, '$3', 50.0, '$6', 0.0, 50.0, 0.0, '$4', 50.0, 0.0, '$3', 50.0, '$12', 0.0, '$2', 50.0, '$3', 0.0, '$2', 50.0, '$8', 0.0, '$7', 50.0, 0.0, 50.0, '$3', 0.0, '$3', 50.0, 0.0, '$2', 50.0, '$7', 0.0, 50.0, 0.0, '$4', 50.0, '$3', 0.0, '$9', 50.0, 0.0, 50.0, '$5', 0.0, '$10', 50.0, '$3', 0.0, '$2', 50.0, 100.0, '$2', 50.0, 100.0, '$4', 50.0, '$2', 0.0, '$4', 50.0, 0.0, '$2', 50.0, '$3', 0.0, '$5', 50.0, 0.0, 50.0, '$2', 0.0, 50.0, '$3', 0.0, 50.0, '$2', 100.0, '$2', 50.0, 0.0, 50.0, '$2', 0.0, 50.0, '$6', 0.0, 50.0, '$5', 0.0, '$2', 50.0, '$4', 0.0, '$3', 50.0, '$3', 0.0, 50.0, '$2', 100.0, '$6', 50.0, 100.0, 50.0, '$4', 100.0, 50.0, 100.0, 0.0, '$2', 50.0, 0.0, '$3', 50.0, '$3', 100.0, 50.0, '$3', 0.0, 50.0, 0.0, '$3', 50.0, '$4', 100.0, '$3', 50.0, 0.0, '$3', 50.0, 0.0, '$2', 50.0, '$3', 100.0, 50.0, 0.0, '$8', 50.0, 100.0, 50.0, 0.0, 50.0, 100.0, '$3', 50.0, '$4', 0.0, '$3', 50.0, 0.0, '$8', 50.0, 0.0, '$3', 50.0, '$3', 0.0, 100.0, 50.0, '$4', 0.0, '$2', 50.0, '$4', 0.0, '$6', 50.0, 0.0, '$7', 50.0, '$3', 0.0, 50.0, '$2', 100.0, 50.0, '$3', 0.0, 100.0, 150.0, '$7', 50.0, '$3', 0.0, '$4', 50.0, 0.0, '$5', 50.0, 0.0, '$4', 50.0, '$2', 100.0, 0.0, 50.0]
['$4', 50.0, 0.0, '$2', 50.0, 0.0, '$2', 50.0, '$3', 0.0, 50.0, 0.0, '$2', 50.0, 0.0, '$2', 50.0, '$2', 0.0, '$2', 50.0, '$8', 0.0, '$2', 50.0, '$11', 0.0, '$2', 50.0, '$5', 0.0, '$6', 50.0, 0.0, '$2', 50.0, '$11', 0.0, '$3', 50.0, '$13', 0.0, '$2', 50.0, 100.0, 50.0, '$7', 0.0, '$4', 50.0, 0.0, '$3', 50.0, '$3', 0.0, 50.0, '$4', 0.0, '$8', 50.0, 100.0, '$9', 50.0, '$4', 0.0, '$5', 50.0, 0.0, '$2', 50.0, '$3', 100.0, '$2', 50.0, 0.0, 50.0, '$2', 100.0, '$2', 50.0, 100.0, '$11', 50.0, 0.0, '$2', 50.0, 0.0, '$3', 50.0, 0.0, '$4', 50.0, '$2', 0.0, '$2', 50.0, '$3', 0.0, 50.0, 100.0, '$5', 50.0, '$2', 0.0, '$2', 50.0, '$11', 0.0, '$2', 50.0, '$5', 0.0, '$2', 50.0, '$3', 0.0, '$2', 50.0, '$3', 100.0, '$4', 50.0, 100.0, 50.0, 100.0, '$2', 50.0, 100.0, '$4', 50.0, '$3', 0.0, '$4', 50.0, 100.0, 50.0, '$4', 0.0, 50.0, '$2', 0.0, '$2', 50.0, '$4', 100.0, '$2', 50.0, '$2', 0.0, '$6', 50.0, '$2', 100.0, '$3', 50.0, '$4', 0.0, '$5', 50.0, '$2', 0.0, '$2', 100.0, '$5', 50.0, '$2', 0.0, '$4', 100.0, '$3', 50.0, '$2', 0.0, '$6', 50.0, '$2', 0.0, 50.0, 100.0, '$2', 50.0, '$2', 0.0, '$3', 50.0, '$5', 0.0, 50.0, '$2', 0.0, '$2', 50.0, '$2', 0.0, 50.0, '$2', 0.0, '$3', 50.0, '$2', 0.0, '$3', 50.0, '$3', 100.0, 50.0, 0.0, '$2', 100.0, '$3', 0.0, '$3', 50.0, 0.0, 50.0, 0.0, 50.0, 0.0, '$4', 50.0, 0.0, 50.0, '$2', 100.0, '$5', 50.0, 0.0, '$4', 50.0]
[0.0, '$2', 50.0, '$5', 0.0, '$2', 50.0, '$4', 0.0, '$3', 50.0, 0.0, 50.0, 0.0, '$3', 50.0, '$7', 0.0, '$2', 50.0, 0.0, 50.0, '$2', 0.0, '$3', 50.0, '$10', 0.0, '$2', 50.0, 0.0, '$2', 50.0, '$2', 0.0, '$5', 50.0, '$6', 0.0, '$2', 50.0, '$2', 0.0, '$2', 50.0, '$13', 0.0, '$4', 50.0, '$7', 0.0, '$4', 50.0, '$3', 0.0, '$2', 50.0, '$3', 0.0, 50.0, '$5', 0.0, '$10', 50.0, 0.0, '$13', 50.0, 0.0, '$7', 50.0, '$2', 100.0, '$2', 50.0, 0.0, '$2', 100.0, 50.0, 100.0, '$10', 50.0, 0.0, '$10', 50.0, 100.0, '$2', 50.0, '$2', 0.0, '$2', 50.0, '$2', 0.0, '$8', 50.0, '$4', 0.0, '$6', 50.0, '$2', 0.0, 50.0, '$2', 0.0, '$2', 50.0, '$3', 0.0, '$2', 50.0, '$2', 0.0, '$2', 50.0, '$2', 0.0, '$3', 50.0, '$2', 100.0, 0.0, '$12', 50.0, '$3', 0.0, 50.0, '$3', 0.0, '$3', 50.0, '$4', 0.0, 50.0, '$2', 0.0, '$2', 50.0, '$2', 100.0, '$3', 50.0, '$7', 0.0, '$2', 50.0, 0.0, '$2', 50.0, '$3', 0.0, '$4', 50.0, 0.0, '$15', 50.0, '$2', 100.0, '$3', 0.0, '$8', 50.0, '$2', 0.0, '$3', 50.0, '$7', 0.0, 50.0, 0.0, '$2', 50.0, 0.0, '$3', 50.0, 0.0, 50.0, 0.0, '$2', 50.0, '$3', 0.0, '$2', 50.0, '$2', 0.0, '$4', 50.0, '$2', 100.0, 50.0, '$2', 100.0, '$6', 0.0, 50.0, 0.0, '$6', 50.0, 0.0, '$3', 50.0, '$3', 100.0, '$4', 50.0, '$2', 0.0, '$2', 50.0]
['$9', 0.0, '$2', 50.0, '$2', 0.0, '$2', 50.0, 0.0, '$2', 50.0, 0.0, '$4', 50.0, 0.0, '$2', 50.0, 0.0, '$5', 50.0, 0.0, 50.0, '$2', 0.0, '$4', 50.0, '$5', 0.0, '$3', 50.0, 0.0, 50.0, '$3', 0.0, 50.0, '$3', 0.0, '$4', 50.0, '$4', 0.0, '$7', 50.0, '$2', 0.0, 50.0, '$9', 0.0, '$4', 50.0, '$3', 0.0, '$5', 50.0, 0.0, 50.0, '$6', 0.0, '$4', 50.0, 0.0, 50.0, '$5', 0.0, '$4', 50.0, 0.0, '$3', 50.0, 100.0, '$9', 50.0, 100.0, '$5', 50.0, 100.0, '$5', 50.0, '$2', 0.0, '$2', 100.0, '$2', 0.0, 50.0, '$2', 100.0, 50.0, 100.0, 50.0, 0.0, '$12', 50.0, 0.0, '$2', 50.0, 0.0, '$3', 50.0, 100.0, '$3', 50.0, 0.0, 50.0, 0.0, '$2', 50.0, '$2', 100.0, 0.0, '$4', 50.0, '$5', 0.0, 50.0, '$3', 0.0, '$3', 50.0, '$3', 100.0, '$3', 50.0, 0.0, 50.0, '$3', 100.0, 50.0, 0.0, '$2', 50.0, '$2', 0.0, 50.0, '$2', 100.0, 50.0, 100.0, '$2', 50.0, 100.0, 0.0, '$5', 50.0, 0.0, 50.0, 100.0, 50.0, '$5', 0.0, 50.0, 0.0, '$9', 50.0, 0.0, '$2', 50.0, '$2', 100.0, '$2', 50.0, 100.0, '$4', 50.0, 0.0, '$4', 50.0, 0.0, 50.0, '$2', 0.0, '$7', 50.0, '$2', 0.0, 50.0, 100.0, '$2', 50.0, '$2', 100.0, '$5', 50.0, '$2', 0.0, 50.0, 100.0, 50.0, '$2', 0.0, '$4', 50.0, '$2', 0.0, 50.0, '$3', 0.0, '$2', 50.0, '$7', 0.0, '$2', 50.0, 0.0, '$6', 50.0, 0.0, 50.0, '$2', 0.0, '$2', 50.0, 0.0, '$8', 50.0, '$2', 0.0, '$2', 50.0, 150.0, 100.0, 0.0, 50.0, '$3', 0.0, 50.0, 0.0, '$10', 50.0, 0.0, '$9', 50.0, 0.0, 50.0]
['$9', 0.0, '$2', 50.0, '$2', 0.0, '$3', 50.0, '$2', 0.0, '$9', 50.0, '$2', 0.0, '$3', 50.0, 0.0, '$3', 50.0, 0.0, '$2', 50.0, '$6', 0.0, '$3', 50.0, 0.0, 50.0, '$2', 0.0, '$2', 50.0, '$3', 0.0, '$4', 50.0, '$4', 0.0, '$7', 50.0, 0.0, '$2', 50.0, 0.0, 50.0, '$4', 0.0, '$15', 50.0, '$4', 0.0, 50.0, '$5', 0.0, '$5', 50.0, '$2', 0.0, '$8', 50.0, '$2', 100.0, 50.0, '$3', 0.0, '$5', 50.0, 100.0, '$2', 50.0, '$2', 0.0, 50.0, 100.0, '$2', 50.0, '$5', 0.0, 50.0, 100.0, 50.0, 0.0, '$6', 50.0, 0.0, 50.0, 100.0, '$12', 50.0, 0.0, '$4', 50.0, '$2', 100.0, '$7', 50.0, '$2', 100.0, 50.0, '$2', 0.0, 50.0, 100.0, '$2', 50.0, '$3', 0.0, '$3', 50.0, 0.0, '$3', 50.0, '$2', 100.0, '$3', 150.0, 100.0, 50.0, 100.0, '$4', 150.0, 100.0, 0.0, '$2', 50.0, 0.0, 50.0, 0.0, '$2', 100.0, '$3', 50.0, '$2', 100.0, '$6', 50.0, 0.0, '$2', 100.0, 0.0, '$5', 50.0, '$2', 0.0, '$11', 50.0, 0.0, '$12', 50.0, '$3', 0.0, '$2', 50.0, 0.0, '$2', 50.0, '$3', 0.0, '$2', 50.0, '$2', 0.0, '$4', 50.0, '$2', 100.0, '$14', 50.0, '$2', 100.0, 50.0, 0.0, '$8', 50.0, '$5', 0.0, '$4', 50.0, 0.0, '$6', 50.0, 0.0, 50.0, 0.0, '$7', 50.0, '$3', 100.0, 50.0, '$2', 0.0, 50.0, 150.0, 100.0, '$4', 50.0, '$2', 0.0, '$12', 50.0, 0.0, '$6', 50.0, 100.0, 50.0, '$2', 0.0]
['$8', 0.0, 50.0, 0.0, 50.0, '$3', 0.0, '$2', 50.0, 0.0, '$5', 50.0, '$6', 0.0, 50.0, '$3', 0.0, '$4', 50.0, '$5', 0.0, 50.0, 0.0, '$3', 50.0, '$3', 0.0, 50.0, '$4', 0.0, '$2', 50.0, '$2', 0.0, '$3', 50.0, '$4', 0.0, '$8', 50.0, 0.0, '$3', 50.0, '$4', 0.0, '$9', 50.0, 0.0, '$2', 50.0, 100.0, '$2', 50.0, '$4', 0.0, 50.0, '$5', 0.0, '$2', 50.0, '$7', 0.0, '$5', 50.0, 0.0, '$21', 50.0, '$3', 0.0, '$7', 50.0, '$2', 0.0, '$4', 50.0, 100.0, '$7', 50.0, 0.0, '$8', 50.0, '$2', 0.0, '$5', 50.0, 0.0, '$3', 50.0, '$3', 0.0, '$4', 50.0, 0.0, 50.0, '$2', 0.0, '$7', 50.0, '$2', 100.0, '$4', 150.0, '$3', 100.0, '$3', 150.0, 100.0, 0.0, '$5', 50.0, 0.0, '$2', 50.0, 0.0, '$2', 50.0, '$2', 0.0, '$3', 50.0, '$3', 0.0, 100.0, '$6', 50.0, 0.0, 50.0, '$2', 0.0, '$5', 50.0, '$2', 100.0, '$6', 50.0, '$12', 0.0, '$5', 50.0, '$5', 0.0, '$5', 50.0, 0.0, '$7', 50.0, 100.0, 50.0, '$3', 0.0, '$2', 50.0, '$2', 0.0, '$3', 50.0, '$4', 0.0, '$6', 50.0, '$8', 0.0, '$18', 50.0, '$4', 100.0, 50.0, 0.0, 50.0, '$2', 100.0, '$12', 50.0, 0.0, 50.0, 0.0, '$3', 50.0, 0.0, 50.0, 100.0, '$2', 50.0, 0.0, 50.0, 100.0, '$3', 50.0]
['$17', 0.0, '$3', 50.0, '$3', 0.0, '$6', 50.0, '$3', 0.0, '$4', 50.0, '$4', 0.0, '$7', 50.0, '$2', 0.0, 50.0, '$3', 0.0, '$3', 50.0, 0.0, '$4', 50.0, '$4', 0.0, '$2', 50.0, 0.0, '$5', 50.0, '$7', 0.0, '$10', 50.0, '$2', 0.0, '$3', 50.0, 0.0, 50.0, '$2', 0.0, '$2', 50.0, '$12', 0.0, '$7', 50.0, 0.0, '$6', 50.0, 0.0, '$7', 50.0, '$2', 100.0, '$3', 50.0, 100.0, '$2', 50.0, 0.0, '$3', 50.0, '$2', 0.0, 50.0, '$5', 0.0, '$2', 50.0, '$2', 100.0, 50.0, 0.0, '$4', 50.0, 0.0, '$10', 50.0, '$3', 0.0, '$7', 50.0, '$4', 0.0, '$4', 50.0, '$2', 0.0, '$8', 50.0, '$2', 100.0, '$4', 150.0, 100.0, '$2', 50.0, 100.0, '$3', 150.0, 50.0, '$2', 0.0, '$2', 50.0, 0.0, 50.0, '$3', 0.0, 100.0, 50.0, 0.0, '$2', 50.0, '$4', 0.0, 50.0, 100.0, '$8', 50.0, 0.0, '$9', 50.0, 100.0, '$4', 50.0, '$9', 0.0, '$2', 50.0, 0.0, '$3', 50.0, 0.0, 50.0, '$4', 0.0, '$4', 50.0, '$2', 0.0, '$7', 50.0, '$2', 0.0, '$2', 50.0, '$2', 0.0, 50.0, '$8', 0.0, '$5', 50.0, '$3', 0.0, '$2', 50.0, '$6', 0.0, '$7', 50.0, 100.0, '$8', 50.0, '$7', 100.0, '$2', 50.0, '$2', 150.0, '$7', 50.0, '$2', 0.0, '$8', 50.0, '$3', 0.0, '$6', 50.0, 100.0, '$2', 50.0]
['$3', 0.0, 50.0, '$3', 0.0, '$2', 50.0, 0.0, 50.0, '$3', 0.0, '$6', 50.0, '$4', 0.0, '$6', 50.0, '$3', 0.0, '$7', 50.0, 100.0, '$3', 50.0, 100.0, '$4', 50.0, 0.0, '$10', 50.0, '$3', 0.0, '$3', 50.0, '$2', 0.0, '$10', 50.0, 0.0, '$11', 50.0, '$2', 0.0, '$3', 50.0, 0.0, 50.0, '$12', 0.0, '$2', 50.0, '$3', 100.0, '$14', 50.0, 0.0, '$6', 50.0, 100.0, '$3', 50.0, '$2', 100.0, '$5', 50.0, '$2', 0.0, 50.0, 0.0, '$2', 50.0, 0.0, 50.0, 0.0, 50.0, 0.0, '$3', 50.0, 0.0, '$4', 50.0, 0.0, '$8', 50.0, 0.0, '$2', 50.0, 0.0, '$3', 50.0, '$3', 100.0, 50.0, '$3', 0.0, 50.0, 0.0, '$8', 50.0, 0.0, '$5', 50.0, '$2', 100.0, '$5', 150.0, '$3', 50.0, 100.0, '$2', 150.0, 50.0, '$2', 0.0, '$2', 50.0, '$5', 0.0, 100.0, 50.0, 0.0, '$2', 100.0, '$4', 0.0, '$5', 50.0, '$3', 0.0, 50.0, 0.0, 50.0, '$2', 100.0, '$2', 50.0, '$4', 0.0, '$5', 50.0, 0.0, '$3', 50.0, '$6', 0.0, '$2', 50.0, 0.0, '$3', 50.0, '$2', 0.0, '$12', 50.0, 100.0, '$2', 50.0, 0.0, '$2', 50.0, '$2', 0.0, '$2', 50.0, 0.0, '$2', 50.0, '$3', 0.0, '$3', 50.0, '$2', 0.0, 50.0, 0.0, '$2', 50.0, 0.0, '$5', 50.0, '$5', 0.0, '$7', 50.0, '$2', 100.0, '$6', 50.0, '$2', 100.0, 50.0, 100.0, '$2', 50.0, '$4', 100.0, 150.0, 100.0, '$3', 0.0, 50.0, 100.0, 50.0, '$3', 0.0, '$9', 50.0, '$2', 0.0, '$3', 50.0, 100.0, '$2', 50.0, 100.0, '$2', 50.0]
['$4', 50.0, '$4', 0.0, '$2', 50.0, '$4', 0.0, '$5', 50.0, '$4', 0.0, 50.0, 0.0, '$5', 50.0, '$5', 0.0, '$3', 50.0, '$2', 100.0, '$19', 50.0, '$2', 0.0, '$3', 50.0, '$3', 0.0, '$11', 50.0, 0.0, '$8', 50.0, '$2', 100.0, '$9', 50.0, '$7', 0.0, '$2', 50.0, '$2', 100.0, '$10', 50.0, '$3', 0.0, '$4', 50.0, '$3', 0.0, '$5', 50.0, '$2', 100.0, '$10', 50.0, 0.0, '$4', 50.0, '$2', 100.0, 50.0, 0.0, 50.0, 0.0, '$9', 50.0, '$2', 0.0, '$9', 50.0, 0.0, 50.0, 100.0, 150.0, '$2', 100.0, '$4', 50.0, 0.0, '$7', 50.0, '$2', 0.0, 50.0, '$2', 0.0, 50.0, '$3', 0.0, '$5', 100.0, '$2', 150.0, 50.0, '$3', 0.0, 50.0, '$2', 100.0, 50.0, 0.0, '$3', 50.0, '$2', 0.0, '$2', 50.0, 100.0, '$2', 50.0, 100.0, 50.0, '$3', 0.0, 50.0, 100.0, '$4', 50.0, 0.0, 50.0, '$3', 0.0, 50.0, '$2', 100.0, 50.0, 0.0, '$2', 50.0, '$3', 0.0, '$4', 50.0, 0.0, '$4', 50.0, '$3', 0.0, '$4', 50.0, 0.0, '$17', 50.0, 100.0, '$2', 50.0, 0.0, 50.0, 100.0, 50.0, '$6', 0.0, 50.0, 0.0, '$4', 50.0, '$3', 0.0, '$10', 50.0, '$5', 0.0, '$5', 50.0, 0.0, 50.0, '$6', 100.0, '$8', 50.0, '$4', 100.0, '$3', 50.0, '$2', 0.0, '$3', 50.0, 0.0, '$10', 50.0, '$2', 0.0, '$2', 50.0, 100.0, '$6', 50.0]
[50.0, '$6', 0.0, '$5', 50.0, 0.0, '$3', 50.0, '$7', 0.0, '$2', 50.0, '$2', 0.0, '$3', 50.0, '$2', 0.0, '$2', 50.0, 0.0, '$2', 50.0, 0.0, 50.0, '$2', 100.0, 50.0, 0.0, 50.0, 0.0, '$11', 50.0, 0.0, 50.0, '$2', 0.0, '$3', 50.0, '$4', 0.0, '$18', 50.0, 100.0, '$4', 50.0, '$2', 0.0, '$2', 50.0, 0.0, '$3', 50.0, 0.0, '$3', 50.0, '$3', 0.0, '$2', 50.0, 100.0, '$7', 50.0, 0.0, '$2', 50.0, '$3', 0.0, 50.0, 0.0, '$4', 50.0, 0.0, '$8', 50.0, 0.0, '$7', 50.0, '$3', 0.0, '$5', 50.0, 100.0, '$2', 50.0, '$2', 0.0, '$5', 50.0, '$3', 0.0, '$2', 50.0, 0.0, '$2', 50.0, 0.0, '$5', 50.0, 0.0, 50.0, 100.0, '$2', 150.0, '$2', 100.0, '$9', 50.0, 100.0, '$2', 50.0, '$3', 0.0, 50.0, 0.0, '$2', 50.0, '$2', 0.0, '$2', 100.0, 50.0, 0.0, 50.0, '$2', 100.0, 50.0, '$3', 0.0, '$4', 50.0, 0.0, 50.0, 0.0, '$9', 50.0, 0.0, '$4', 50.0, 100.0, '$5', 50.0, '$3', 0.0, '$2', 50.0, '$2', 100.0, '$4', 50.0, '$7', 0.0, '$11', 50.0, '$2', 0.0, '$4', 50.0, 0.0, '$2', 50.0, 0.0, '$9', 50.0, '$2', 100.0, '$6', 50.0, '$7', 0.0, '$3', 50.0, '$4', 0.0, '$4', 50.0, 0.0, '$7', 50.0, 0.0, '$25', 50.0, '$2', 100.0, '$5', 50.0, 0.0, '$5', 50.0, 0.0, 50.0, '$2', 0.0, '$8', 50.0, '$2', 100.0, '$5', 50.0]
[50.0, '$9', 0.0, '$2', 50.0, '$11', 0.0, '$2', 50.0, 0.0, '$2', 50.0, '$7', 0.0, '$2', 50.0, 0.0, '$2', 50.0, 100.0, '$3', 50.0, '$4', 0.0, '$8', 50.0, 0.0, 50.0, 0.0, '$5', 50.0, 0.0, '$2', 50.0, '$3', 0.0, 50.0, 100.0, '$3', 50.0, 0.0, 50.0, '$3', 100.0, '$10', 50.0, '$3', 0.0, 50.0, 0.0, '$3', 50.0, '$5', 0.0, '$11', 50.0, '$7', 0.0, 50.0, 0.0, '$4', 50.0, '$2', 0.0, '$3', 50.0, '$2', 0.0, 50.0, '$2', 0.0, '$13', 50.0, '$2', 0.0, 100.0, 50.0, '$3', 0.0, 50.0, 100.0, '$5', 50.0, 0.0, '$2', 50.0, '$2', 0.0, '$7', 50.0, 100.0, '$3', 150.0, '$3', 100.0, '$6', 50.0, 0.0, '$7', 50.0, '$2', 0.0, '$2', 50.0, '$3', 0.0, '$3', 50.0, 0.0, 50.0, 100.0, '$2', 50.0, '$4', 0.0, '$3', 50.0, '$2', 0.0, '$11', 50.0, 100.0, '$2', 50.0, '$3', 100.0, '$2', 50.0, 0.0, '$6', 50.0, '$2', 100.0, '$7', 50.0, 0.0, '$5', 50.0, '$2', 0.0, '$2', 50.0, '$3', 0.0, '$2', 50.0, 0.0, 50.0, 0.0, '$6', 50.0, '$3', 0.0, '$9', 50.0, 100.0, '$6', 50.0, '$4', 0.0, '$2', 50.0, '$7', 0.0, '$3', 50.0, '$4', 0.0, '$17', 50.0, 0.0, '$12', 50.0, '$3', 100.0, 50.0, 0.0, '$9', 50.0, '$3', 0.0, 50.0, 100.0, '$3', 50.0, 100.0, '$3', 50.0, '$2', 100.0, '$4', 50.0, 100.0]
['$6', 50.0, '$4', 0.0, '$2', 50.0, '$9', 0.0, '$6', 50.0, '$7', 0.0, '$9', 50.0, 0.0, 50.0, '$2', 0.0, 50.0, '$2', 0.0, '$6', 50.0, '$2', 0.0, '$2', 50.0, '$2', 0.0, '$5', 50.0, '$4', 0.0, 50.0, 0.0, '$2', 50.0, 0.0, '$11', 50.0, 100.0, 50.0, 0.0, 50.0, '$2', 0.0, '$2', 50.0, 0.0, '$2', 50.0, '$3', 0.0, '$3', 50.0, 0.0, '$2', 50.0, 100.0, '$3', 50.0, '$4', 0.0, '$2', 50.0, '$5', 0.0, '$5', 50.0, '$3', 0.0, '$2', 50.0, '$2', 0.0, 100.0, '$4', 0.0, 50.0, 0.0, '$4', 50.0, 0.0, '$6', 50.0, '$2', 100.0, 50.0, '$2', 0.0, '$4', 50.0, 0.0, '$2', 50.0, '$3', 0.0, '$7', 50.0, '$7', 100.0, 50.0, 100.0, 50.0, 0.0, '$4', 50.0, 0.0, '$3', 50.0, 0.0, '$7', 50.0, '$4', 0.0, 50.0, '$3', 0.0, '$3', 50.0, '$3', 0.0, '$2', 50.0, 100.0, 50.0, '$2', 0.0, 50.0, 0.0, '$2', 50.0, 0.0, 50.0, 100.0, '$2', 50.0, 0.0, '$4', 50.0, '$4', 100.0, '$2', 50.0, 0.0, '$5', 50.0, '$2', 100.0, '$9', 50.0, 100.0, '$4', 50.0, '$2', 0.0, '$2', 50.0, '$7', 0.0, '$2', 50.0, 100.0, '$4', 50.0, '$2', 0.0, 50.0, '$2', 0.0, 50.0, 0.0, '$4', 50.0, '$2', 100.0, '$6', 50.0, 0.0, '$3', 50.0, '$2', 0.0, 50.0, '$2', 0.0, 50.0, '$2', 0.0, 50.0, 0.0, 50.0, '$3', 0.0, 50.0, '$2', 0.0, '$10', 50.0, '$2', 0.0, '$2', 50.0, '$2', 0.0, '$10', 50.0, 0.0, 100.0, 150.0, '$2', 100.0, 50.0, '$5', 0.0, '$2', 50.0, 0.0, '$21', 50.0]
['$7', 50.0, '$4', 0.0, 50.0, '$7', 0.0, '$3', 50.0, 0.0, '$3', 50.0, '$10', 0.0, '$9', 50.0, 0.0, '$2', 50.0, '$2', 0.0, '$4', 50.0, '$2', 0.0, '$3', 50.0, 0.0, '$8', 50.0, '$3', 0.0, '$2', 50.0, 0.0, '$2', 50.0, 0.0, 50.0, '$2', 100.0, '$5', 50.0, '$2', 100.0, 50.0, '$2', 0.0, '$5', 50.0, '$3', 0.0, '$4', 50.0, '$3', 0.0, '$2', 50.0, 100.0, 50.0, 100.0, '$5', 50.0, '$2', 100.0, '$2', 50.0, '$3', 0.0, '$3', 50.0, 0.0, '$3', 50.0, '$3', 0.0, '$2', 50.0, 100.0, 50.0, 0.0, '$5', 50.0, '$3', 0.0, '$4', 50.0, 0.0, '$3', 50.0, '$3', 100.0, 50.0, '$2', 0.0, 50.0, '$8', 0.0, 50.0, '$3', 0.0, 50.0, '$2', 100.0, 50.0, '$3', 0.0, 50.0, '$3', 100.0, 50.0, 0.0, '$6', 50.0, 0.0, '$2', 50.0, 0.0, '$4', 50.0, 100.0, '$4', 0.0, 50.0, '$4', 0.0, '$3', 50.0, '$3', 0.0, '$8', 50.0, 100.0, '$5', 50.0, 0.0, '$2', 50.0, '$8', 100.0, '$6', 50.0, '$3', 100.0, '$10', 50.0, '$2', 0.0, '$3', 50.0, '$3', 0.0, '$2', 50.0, '$5', 0.0, '$5', 50.0, '$2', 0.0, '$2', 50.0, '$3', 0.0, 50.0, '$4', 0.0, '$3', 50.0, 100.0, '$8', 50.0, '$3', 0.0, 50.0, '$7', 0.0, '$2', 50.0, '$2', 0.0, 50.0, '$2', 0.0, '$2', 50.0, '$2', 0.0, '$5', 50.0, 0.0, '$2', 50.0, 0.0, 50.0, '$3', 0.0, 50.0, 0.0, '$8', 50.0, 100.0, 150.0, '$4', 50.0, '$6', 0.0, '$6', 50.0, '$4', 0.0, '$12', 50.0]
['$4', 0.0, '$5', 50.0, '$9', 0.0, '$2', 50.0, '$7', 0.0, '$2', 50.0, '$3', 0.0, '$2', 50.0, 0.0, '$8', 50.0, 0.0, 50.0, '$4', 0.0, '$7', 50.0, '$4', 0.0, '$3', 50.0, '$9', 0.0, '$2', 50.0, '$3', 0.0, '$5', 50.0, 100.0, '$4', 50.0, '$4', 0.0, '$4', 50.0, '$2', 0.0, 50.0, 100.0, 50.0, '$4', 0.0, '$9', 50.0, '$5', 100.0, '$2', 50.0, '$2', 0.0, '$2', 50.0, 0.0, 50.0, '$6', 0.0, '$4', 50.0, '$4', 0.0, '$2', 50.0, '$2', 0.0, '$2', 50.0, 0.0, '$7', 50.0, 100.0, 50.0, '$2', 100.0, '$3', 50.0, '$2', 0.0, '$3', 50.0, '$2', 0.0, '$2', 50.0, 0.0, 50.0, '$2', 100.0, 50.0, '$5', 0.0, '$8', 50.0, 0.0, '$5', 50.0, '$4', 0.0, 50.0, 100.0, '$2', 50.0, '$3', 0.0, 50.0, '$3', 0.0, '$3', 50.0, '$2', 0.0, 50.0, '$2', 100.0, 50.0, 100.0, 50.0, 0.0, '$6', 50.0, '$2', 100.0, 0.0, 50.0, '$8', 100.0, '$2', 50.0, 0.0, '$4', 50.0, '$3', 100.0, '$10', 50.0, '$2', 0.0, 50.0, 0.0, 50.0, '$3', 0.0, '$3', 50.0, '$3', 0.0, '$6', 50.0, '$2', 0.0, '$2', 50.0, '$2', 0.0, '$2', 50.0, '$4', 0.0, '$2', 50.0, '$2', 0.0, '$7', 50.0, '$3', 0.0, '$3', 50.0, '$3', 0.0, '$5', 50.0, 0.0, 50.0, 0.0, '$2', 50.0, 0.0, '$10', 50.0, '$2', 0.0, 50.0, '$6', 0.0, '$6', 50.0, 100.0, 150.0, 100.0, '$2', 50.0, 100.0, '$3', 50.0, '$2', 0.0, 50.0, '$3', 0.0, '$4', 50.0, '$5', 0.0, '$11', 50.0]
[50.0, '$2', 0.0, '$2', 50.0, 0.0, '$2', 50.0, '$3', 0.0, '$3', 50.0, '$2', 0.0, '$3', 50.0, '$2', 0.0, 50.0, 0.0, '$2', 50.0, '$2', 0.0, 50.0, '$6', 0.0, '$4', 50.0, 0.0, '$3', 50.0, '$3', 0.0, 50.0, '$2', 0.0, '$2', 50.0, 0.0, '$3', 50.0, '$14', 0.0, 50.0, '$3', 0.0, 50.0, '$3', 0.0, '$4', 50.0, 0.0, 50.0, '$2', 100.0, '$2', 50.0, '$3', 0.0, 50.0, 0.0, '$2', 50.0, '$3', 0.0, '$2', 50.0, '$5', 0.0, '$5', 50.0, 0.0, '$8', 50.0, '$2', 100.0, '$7', 50.0, '$8', 0.0, '$3', 50.0, '$3', 0.0, 50.0, '$3', 0.0, 50.0, 100.0, '$2', 50.0, 0.0, '$6', 50.0, 0.0, 50.0, '$3', 100.0, '$4', 50.0, 100.0, '$3', 50.0, 100.0, 50.0, '$3', 100.0, 50.0, '$3', 0.0, 50.0, '$5', 0.0, '$9', 50.0, '$3', 0.0, '$2', 50.0, 0.0, '$5', 50.0, '$2', 0.0, '$9', 50.0, '$5', 100.0, 50.0, '$5', 0.0, '$3', 50.0, 100.0, 0.0, '$2', 50.0, '$5', 100.0, 150.0, 100.0, '$2', 50.0, 0.0, '$6', 50.0, 100.0, 50.0, 0.0, '$5', 50.0, '$2', 100.0, 50.0, 0.0, 50.0, '$5', 0.0, 50.0, 100.0, '$2', 50.0, '$2', 0.0, '$7', 50.0, 0.0, '$2', 50.0, '$9', 0.0, 50.0, 100.0, '$2', 0.0, '$8', 50.0, '$3', 0.0, '$2', 50.0, '$3', 0.0, '$19', 50.0, '$3', 0.0, '$2', 50.0, '$2', 0.0, 50.0, '$6', 0.0, '$2', 50.0, '$2', 100.0, 150.0, '$10', 50.0, '$3', 0.0, '$2', 50.0, '$3', 100.0, '$4', 50.0, '$3', 0.0, '$8', 50.0]
['$12', 0.0, '$2', 50.0, '$2', 0.0, '$4', 50.0, '$13', 0.0, '$6', 50.0, '$5', 0.0, '$2', 50.0, 0.0, '$7', 50.0, '$3', 0.0, '$2', 50.0, '$3', 0.0, '$2', 50.0, 0.0, '$4', 50.0, '$4', 0.0, 50.0, '$2', 0.0, '$3', 50.0, '$2', 0.0, '$7', 50.0, '$2', 0.0, 50.0, '$5', 0.0, 50.0, '$7', 0.0, '$11', 50.0, '$3', 100.0, '$9', 50.0, '$2', 0.0, '$2', 50.0, '$9', 0.0, '$2', 50.0, '$2', 0.0, '$2', 50.0, 100.0, '$2', 50.0, '$6', 100.0, '$3', 50.0, '$6', 100.0, '$4', 50.0, '$4', 100.0, 50.0, 0.0, '$2', 50.0, 0.0, 50.0, '$2', 0.0, '$2', 50.0, '$2', 0.0, '$2', 50.0, 0.0, '$2', 50.0, '$2', 0.0, 50.0, 100.0, '$3', 50.0, 0.0, '$3', 50.0, 100.0, '$2', 50.0, '$2', 0.0, '$3', 50.0, 100.0, '$2', 50.0, 0.0, '$2', 50.0, '$4', 100.0, '$2', 50.0, '$6', 0.0, '$2', 50.0, 100.0, '$3', 50.0, '$5', 100.0, '$2', 150.0, '$3', 100.0, '$3', 50.0, '$3', 0.0, 100.0, '$6', 50.0, 0.0, '$2', 100.0, 50.0, '$3', 0.0, 50.0, '$2', 0.0, 50.0, 100.0, 50.0, '$3', 0.0, '$7', 50.0, '$2', 0.0, '$10', 50.0, 0.0, '$13', 50.0, '$2', 0.0, '$5', 50.0, '$2', 0.0, '$10', 50.0, '$2', 0.0, '$7', 50.0, 0.0, '$2', 50.0, '$2', 0.0, '$2', 50.0, '$5', 0.0, '$2', 50.0, '$5', 100.0, '$14', 50.0, '$2', 100.0, '$2', 50.0, '$2', 100.0, '$11', 50.0]
['$4', 0.0, 50.0, '$2', 0.0, 50.0, '$4', 0.0, '$2', 50.0, 0.0, 50.0, 0.0, 50.0, '$2', 0.0, '$2', 50.0, '$6', 0.0, '$2', 50.0, '$2', 0.0, '$2', 50.0, 0.0, 50.0, 0.0, '$2', 50.0, 0.0, '$13', 50.0, '$3', 0.0, '$2', 50.0, '$4', 0.0, '$3', 50.0, 0.0, '$4', 50.0, 0.0, 50.0, 0.0, 50.0, 0.0, '$2', 50.0, 0.0, '$8', 50.0, '$12', 0.0, 50.0, '$6', 0.0, '$3', 50.0, '$2', 100.0, '$5', 50.0, '$4', 100.0, '$9', 50.0, 0.0, 50.0, '$2', 0.0, '$10', 50.0, '$4', 0.0, '$7', 50.0, '$2', 100.0, '$10', 50.0, 100.0, '$3', 50.0, '$2', 100.0, 50.0, 0.0, '$2', 50.0, '$9', 0.0, '$2', 50.0, 0.0, '$2', 50.0, 0.0, 50.0, '$3', 100.0, 50.0, 0.0, '$2', 50.0, '$2', 0.0, '$2', 50.0, '$3', 0.0, '$3', 50.0, 100.0, 50.0, '$3', 0.0, 50.0, '$4', 100.0, '$2', 50.0, '$2', 0.0, 50.0, '$2', 0.0, '$3', 50.0, '$3', 100.0, '$3', 50.0, '$2', 100.0, '$3', 150.0, '$3', 100.0, '$4', 0.0, '$2', 50.0, 100.0, '$2', 50.0, 100.0, '$4', 50.0, 100.0, '$4', 50.0, '$3', 0.0, 50.0, 100.0, 50.0, '$3', 0.0, '$9', 50.0, '$4', 100.0, '$13', 50.0, '$2', 100.0, '$4', 50.0, 0.0, '$5', 50.0, '$3', 0.0, 50.0, '$3', 0.0, '$8', 50.0, 0.0, '$24', 50.0, 100.0, '$4', 50.0, '$2', 100.0, '$4', 50.0, 100.0, '$3', 50.0, '$2', 0.0, '$10', 50.0, '$2', 0.0, '$5', 50.0]
['$2', 50.0, '$4', 0.0, '$2', 50.0, '$5', 0.0, '$2', 50.0, '$2', 0.0, 50.0, '$3', 0.0, '$2', 50.0, '$4', 0.0, '$3', 50.0, 0.0, '$2', 50.0, '$2', 0.0, '$4', 50.0, 0.0, 50.0, 0.0, '$8', 50.0, '$6', 0.0, 50.0, '$5', 0.0, '$2', 50.0, '$2', 0.0, '$4', 50.0, 0.0, '$6', 50.0, '$2', 0.0, '$4', 50.0, 0.0, '$4', 50.0, '$4', 0.0, '$3', 50.0, 0.0, '$25', 50.0, 0.0, '$5', 50.0, 100.0, 50.0, '$2', 0.0, '$10', 50.0, '$5', 0.0, '$9', 50.0, 100.0, 50.0, '$4', 0.0, 50.0, '$4', 0.0, '$5', 50.0, '$4', 0.0, 50.0, 0.0, 50.0, '$6', 0.0, '$6', 50.0, 100.0, 50.0, '$2', 100.0, '$8', 50.0, '$3', 0.0, '$3', 50.0, 100.0, 50.0, '$3', 0.0, 50.0, '$4', 100.0, '$3', 50.0, 0.0, '$2', 50.0, 0.0, '$4', 50.0, '$4', 100.0, '$3', 50.0, '$2', 100.0, '$2', 150.0, 100.0, 50.0, 0.0, 50.0, 0.0, '$2', 50.0, '$2', 0.0, 50.0, '$2', 100.0, '$2', 50.0, '$3', 100.0, 50.0, 0.0, '$2', 50.0, '$2', 0.0, '$2', 100.0, '$5', 0.0, '$5', 50.0, 100.0, 50.0, 100.0, '$4', 50.0, '$5', 0.0, '$15', 50.0, '$2', 0.0, 50.0, 100.0, '$9', 0.0, '$13', 50.0, '$2', 0.0, '$6', 50.0, '$3', 0.0, '$3', 50.0, 0.0, '$2', 50.0, 100.0, 50.0, 0.0, 50.0, 0.0, '$4', 50.0, 100.0, '$2', 50.0, 0.0, '$2', 50.0, '$7', 0.0, '$4', 50.0, '$3', 0.0, '$2', 50.0, '$2', 0.0, '$4', 50.0]
['$8', 0.0, 50.0, '$4', 0.0, '$3', 50.0, '$2', 0.0, '$2', 50.0, '$2', 0.0, '$2', 50.0, '$5', 0.0, '$4', 50.0, '$2', 0.0, '$2', 50.0, 0.0, '$14', 50.0, '$3', 0.0, '$2', 50.0, '$5', 0.0, '$16', 50.0, 0.0, '$3', 50.0, '$8', 0.0, '$8', 50.0, 100.0, '$7', 50.0, '$2', 100.0, '$6', 50.0, '$5', 0.0, 50.0, '$3', 0.0, '$3', 50.0, 0.0, '$2', 50.0, 0.0, '$4', 50.0, '$5', 0.0, '$7', 50.0, 0.0, '$2', 50.0, '$2', 100.0, '$9', 50.0, 0.0, '$3', 50.0, '$3', 0.0, '$7', 50.0, '$4', 0.0, 50.0, '$3', 0.0, 50.0, 0.0, '$5', 50.0, '$2', 100.0, 50.0, '$2', 100.0, '$3', 50.0, '$3', 100.0, '$2', 50.0, '$3', 0.0, '$3', 50.0, 100.0, 50.0, '$3', 0.0, '$2', 50.0, '$2', 100.0, '$12', 50.0, '$4', 100.0, '$3', 50.0, 100.0, 50.0, '$3', 100.0, '$4', 50.0, 100.0, 50.0, '$2', 0.0, '$3', 100.0, 0.0, 50.0, '$3', 100.0, 50.0, '$3', 0.0, '$2', 50.0, 100.0, 50.0, '$5', 0.0, '$6', 50.0, 0.0, 50.0, 100.0, 50.0, 0.0, '$3', 50.0, '$2', 0.0, '$11', 50.0, '$3', 100.0, '$4', 50.0, 0.0, 50.0, 100.0, '$9', 0.0, 50.0, 0.0, '$2', 50.0, '$2', 0.0, '$7', 50.0, 0.0, '$4', 50.0, 0.0, 50.0, '$3', 0.0, '$3', 50.0, '$2', 0.0, '$12', 50.0, 100.0, 50.0, 0.0, '$3', 50.0, '$7', 0.0, 50.0, '$7', 0.0, '$5', 50.0]
['$14', 0.0, '$2', 50.0, '$2', 0.0, 50.0, '$4', 0.0, 50.0, '$5', 0.0, '$2', 50.0, '$4', 0.0, '$2', 50.0, '$2', 0.0, '$10', 50.0, 0.0, 50.0, '$7', 0.0, '$2', 50.0, 0.0, '$12', 50.0, 0.0, '$7', 50.0, '$8', 0.0, 50.0, '$15', 0.0, '$9', 50.0, '$9', 0.0, '$5', 50.0, '$2', 0.0, 50.0, '$3', 0.0, '$2', 50.0, '$4', 0.0, '$3', 50.0, 0.0, '$3', 50.0, '$2', 0.0, 50.0, '$3', 100.0, '$3', 50.0, '$2', 0.0, '$5', 50.0, 0.0, '$2', 50.0, '$2', 0.0, '$2', 50.0, '$3', 0.0, '$3', 50.0, '$5', 0.0, '$4', 50.0, 0.0, '$3', 50.0, '$7', 100.0, 50.0, 100.0, 50.0, '$2', 100.0, 50.0, '$6', 0.0, 100.0, 50.0, '$3', 0.0, '$2', 50.0, '$2', 100.0, '$3', 50.0, 0.0, '$4', 50.0, 100.0, 50.0, 100.0, '$2', 50.0, 100.0, '$3', 50.0, 100.0, '$2', 50.0, 0.0, '$2', 50.0, '$3', 100.0, 0.0, 100.0, 50.0, '$2', 0.0, 50.0, '$3', 100.0, 50.0, '$3', 0.0, 50.0, 100.0, '$3', 50.0, '$2', 100.0, '$3', 50.0, '$6', 0.0, 50.0, '$2', 0.0, '$3', 50.0, 100.0, 50.0, '$6', 0.0, '$2', 50.0, '$3', 0.0, 50.0, 100.0, 50.0, 0.0, '$2', 50.0, 100.0, 50.0, '$3', 100.0, '$3', 50.0, 0.0, '$2', 50.0, '$9', 0.0, 50.0, '$2', 0.0, '$2', 50.0, 0.0, '$4', 50.0, 0.0, '$4', 50.0, 100.0, '$6', 50.0, '$3', 0.0, '$16', 50.0, '$12', 0.0, '$3', 50.0, '$6', 0.0, '$2', 50.0, 0.0]
['$3', 0.0, 50.0, '$3', 0.0, '$2', 50.0, '$4', 0.0, '$5', 50.0, '$5', 0.0, 50.0, '$6', 0.0, '$8', 50.0, 0.0, '$9', 50.0, '$6', 0.0, 50.0, 0.0, 50.0, '$2', 0.0, '$11', 50.0, '$2', 0.0, 50.0, '$2', 0.0, 50.0, 0.0, '$2', 50.0, '$8', 0.0, '$2', 50.0, '$3', 0.0, '$4', 50.0, 0.0, 50.0, '$6', 0.0, '$9', 50.0, '$2', 100.0, 50.0, '$7', 0.0, '$6', 50.0, '$5', 0.0, '$2', 50.0, '$4', 0.0, '$4', 50.0, 0.0, 50.0, '$2', 0.0, '$7', 50.0, '$5', 0.0, '$16', 50.0, 100.0, '$12', 50.0, '$10', 100.0, 50.0, '$2', 100.0, 50.0, '$5', 0.0, '$2', 50.0, '$3', 0.0, '$2', 50.0, '$2', 100.0, '$3', 50.0, 0.0, '$2', 50.0, '$6', 100.0, 0.0, '$5', 100.0, '$6', 50.0, '$3', 100.0, 50.0, '$2', 0.0, 50.0, 0.0, '$3', 100.0, '$2', 50.0, '$3', 0.0, '$4', 100.0, '$5', 50.0, '$9', 0.0, '$2', 50.0, 0.0, '$3', 50.0, '$4', 0.0, '$3', 50.0, '$4', 0.0, '$2', 100.0, '$3', 0.0, '$4', 50.0, 100.0, '$4', 50.0, 0.0, 100.0, 50.0, 0.0, '$2', 50.0, 0.0, '$5', 50.0, '$2', 0.0, '$2', 50.0, '$3', 0.0, 100.0, 50.0, 0.0, 50.0, '$2', 0.0, 50.0, '$2', 100.0, '$3', 50.0, 0.0, '$2', 50.0, '$2', 0.0, '$8', 50.0, 0.0, '$7', 50.0, '$12', 0.0, '$3', 50.0, '$8', 0.0, 50.0]
['$8', 0.0, 50.0, '$4', 0.0, 50.0, '$7', 0.0, '$2', 50.0, '$7', 0.0, '$16', 50.0, '$7', 0.0, '$4', 50.0, '$3', 0.0, '$8', 50.0, '$6', 0.0, 50.0, '$9', 0.0, '$2', 50.0, '$4', 0.0, '$4', 50.0, 100.0, 50.0, 0.0, '$2', 50.0, 0.0, 50.0, '$3', 0.0, '$8', 50.0, '$4', 100.0, 50.0, '$4', 0.0, 50.0, 0.0, '$7', 50.0, '$3', 0.0, '$3', 50.0, '$4', 0.0, '$17', 50.0, '$7', 0.0, '$4', 50.0, '$3', 100.0, 50.0, 100.0, '$3', 50.0, 100.0, '$3', 50.0, 100.0, '$8', 50.0, '$11', 100.0, 50.0, '$2', 100.0, '$4', 0.0, '$3', 50.0, '$4', 0.0, '$2', 50.0, 100.0, '$7', 50.0, 100.0, '$4', 50.0, 0.0, '$2', 50.0, '$2', 100.0, 50.0, 0.0, '$6', 50.0, 100.0, 150.0, 100.0, '$4', 50.0, 0.0, '$4', 100.0, 50.0, '$3', 100.0, '$2', 50.0, 0.0, '$5', 50.0, '$6', 0.0, '$2', 50.0, '$2', 0.0, '$3', 50.0, 0.0, '$2', 50.0, '$3', 0.0, '$2', 50.0, '$5', 0.0, 50.0, 100.0, 50.0, '$3', 0.0, '$7', 50.0, '$2', 0.0, 50.0, 100.0, '$5', 50.0, '$2', 100.0, '$4', 50.0, 0.0, 50.0, '$2', 0.0, '$4', 50.0, '$4', 0.0, '$2', 100.0, '$2', 50.0, '$3', 0.0, '$12', 50.0, '$2', 0.0, '$6', 50.0, '$2', 0.0, '$2', 50.0, '$8', 0.0, '$3', 50.0, '$3', 0.0, '$3', 50.0, 0.0, 50.0]
['$4', 0.0, 50.0, '$8', 0.0, 50.0, '$7', 0.0, '$3', 50.0, '$3', 0.0, 50.0, '$3', 0.0, '$14', 50.0, '$5', 0.0, '$5', 50.0, '$8', 0.0, '$3', 50.0, '$9', 0.0, '$2', 50.0, '$2', 0.0, 50.0, '$3', 0.0, '$3', 50.0, 0.0, '$5', 50.0, '$5', 0.0, '$2', 50.0, '$4', 0.0, '$10', 50.0, '$3', 100.0, 50.0, '$3', 0.0, '$2', 50.0, 0.0, '$2', 50.0, 0.0, '$6', 50.0, '$4', 0.0, '$2', 50.0, 0.0, '$6', 50.0, '$4', 0.0, '$5', 50.0, 0.0, '$3', 50.0, '$6', 0.0, 50.0, 0.0, '$7', 50.0, '$2', 0.0, 50.0, 0.0, '$11', 50.0, 0.0, '$2', 50.0, 100.0, '$5', 50.0, '$5', 100.0, 50.0, '$3', 0.0, '$6', 50.0, 0.0, '$3', 50.0, '$2', 100.0, '$2', 50.0, '$2', 100.0, '$3', 50.0, 100.0, '$6', 50.0, 0.0, '$3', 50.0, 0.0, '$3', 50.0, 100.0, '$2', 50.0, 150.0, '$2', 100.0, '$3', 50.0, 0.0, 50.0, '$5', 100.0, 50.0, '$2', 0.0, '$5', 50.0, '$2', 0.0, '$4', 50.0, '$2', 0.0, '$3', 50.0, 0.0, '$4', 50.0, '$4', 0.0, '$2', 50.0, '$6', 0.0, 50.0, 100.0, 50.0, 0.0, 50.0, '$2', 0.0, '$7', 50.0, '$2', 0.0, 50.0, 100.0, '$7', 50.0, '$2', 0.0, '$7', 50.0, 0.0, '$8', 50.0, 100.0, '$3', 50.0, '$2', 0.0, '$10', 50.0, 0.0, '$2', 50.0, '$2', 0.0, '$3', 50.0, '$12', 0.0, '$3', 50.0, '$4', 0.0, '$4', 50.0]
['$3', 0.0, 50.0, '$7', 0.0, 50.0, '$4', 0.0, 50.0, '$5', 0.0, '$2', 50.0, '$3', 0.0, '$2', 50.0, '$2', 0.0, 50.0, '$2', 0.0, '$10', 50.0, '$4', 0.0, '$9', 50.0, '$2', 0.0, '$5', 50.0, 0.0, '$2', 50.0, '$8', 0.0, '$2', 50.0, '$2', 0.0, '$2', 50.0, '$4', 0.0, '$4', 50.0, 0.0, 50.0, '$6', 0.0, 50.0, '$4', 0.0, '$13', 50.0, 100.0, 50.0, '$3', 0.0, 50.0, '$2', 0.0, '$2', 50.0, 0.0, '$6', 50.0, '$2', 0.0, '$11', 50.0, '$4', 0.0, 50.0, 0.0, '$2', 50.0, '$2', 0.0, 50.0, '$4', 0.0, '$13', 50.0, '$2', 0.0, '$2', 50.0, '$2', 100.0, '$5', 50.0, '$4', 0.0, '$2', 50.0, 0.0, '$2', 50.0, '$6', 0.0, 50.0, '$2', 100.0, '$4', 0.0, 50.0, '$2', 0.0, 50.0, '$2', 100.0, 50.0, '$6', 100.0, '$4', 50.0, 100.0, '$8', 50.0, 100.0, '$10', 50.0, 100.0, 50.0, '$2', 100.0, '$3', 50.0, 0.0, '$3', 100.0, 50.0, 0.0, 50.0, 0.0, 50.0, 0.0, '$5', 50.0, '$2', 0.0, '$2', 50.0, '$7', 0.0, '$6', 50.0, 0.0, '$3', 50.0, '$2', 0.0, '$2', 50.0, '$2', 0.0, 50.0, 100.0, '$4', 50.0, '$4', 0.0, '$7', 50.0, '$2', 100.0, '$5', 0.0, '$3', 50.0, '$2', 0.0, 50.0, 100.0, '$2', 50.0, '$3', 0.0, '$2', 50.0, '$2', 0.0, '$3', 50.0, 100.0, 0.0, '$2', 50.0, '$4', 0.0, '$7', 50.0, '$2', 0.0, '$2', 50.0, 0.0, '$4', 50.0, '$13', 0.0, '$2', 50.0, '$8', 0.0]
['$7', 0.0, 50.0, '$3', 0.0, 50.0, '$5', 0.0, 50.0, '$3', 0.0, '$2', 50.0, 0.0, '$3', 50.0, '$3', 0.0, 50.0, '$5', 0.0, '$6', 50.0, '$3', 0.0, '$11', 50.0, '$2', 0.0, '$6', 50.0, '$2', 0.0, '$3', 50.0, '$7', 0.0, '$3', 50.0, 0.0, '$3', 50.0, '$13', 0.0, '$2', 50.0, '$2', 0.0, '$2', 50.0, '$5', 0.0, 50.0, 100.0, '$5', 50.0, 0.0, '$2', 50.0, 0.0, '$3', 50.0, '$2', 0.0, '$3', 50.0, '$2', 100.0, '$4', 50.0, '$3', 0.0, '$3', 50.0, 0.0, '$5', 50.0, '$4', 0.0, '$2', 50.0, 0.0, '$2', 50.0, '$4', 0.0, '$5', 50.0, '$2', 0.0, 50.0, '$2', 0.0, '$8', 50.0, '$2', 100.0, '$3', 50.0, 100.0, '$3', 50.0, 0.0, 50.0, '$3', 0.0, 50.0, '$4', 0.0, 50.0, '$2', 0.0, 50.0, '$2', 0.0, '$2', 50.0, '$6', 0.0, '$2', 50.0, 100.0, '$2', 50.0, '$3', 100.0, '$8', 50.0, 0.0, '$3', 50.0, '$2', 0.0, '$4', 50.0, 0.0, '$8', 50.0, 0.0, 50.0, 0.0, '$2', 100.0, '$2', 50.0, '$2', 0.0, 50.0, 150.0, 100.0, 50.0, '$2', 100.0, '$7', 50.0, '$7', 0.0, '$2', 50.0, '$2', 0.0, 50.0, 100.0, 50.0, 100.0, '$6', 50.0, 0.0, '$12', 50.0, '$3', 0.0, '$4', 50.0, '$2', 100.0, 50.0, 0.0, 100.0, 50.0, '$10', 0.0, '$5', 50.0, '$2', 0.0, '$2', 50.0, '$2', 0.0, '$4', 50.0, 0.0, '$2', 50.0, '$3', 0.0, '$8', 50.0, 0.0, '$2', 50.0, 0.0, '$4', 50.0, 0.0, '$2', 50.0, '$11', 0.0, 50.0, '$8', 0.0]
[0.0, '$3', 50.0, '$2', 0.0, '$2', 50.0, '$4', 0.0, 50.0, '$4', 0.0, 50.0, '$3', 0.0, 50.0, 0.0, '$2', 50.0, '$4', 0.0, '$2', 50.0, '$2', 0.0, '$6', 50.0, '$3', 0.0, '$7', 50.0, 0.0, '$5', 50.0, '$2', 0.0, '$4', 50.0, 0.0, '$3', 50.0, '$3', 0.0, '$3', 50.0, '$4', 0.0, 50.0, '$6', 0.0, '$2', 50.0, 0.0, 50.0, '$4', 0.0, '$2', 50.0, '$4', 0.0, '$2', 50.0, 0.0, '$2', 50.0, '$3', 0.0, '$10', 50.0, 0.0, '$6', 50.0, 0.0, 50.0, 100.0, '$2', 50.0, 100.0, 50.0, '$2', 0.0, '$2', 50.0, '$2', 0.0, '$4', 50.0, '$2', 0.0, '$13', 50.0, 0.0, '$8', 50.0, 0.0, 50.0, '$4', 0.0, 50.0, 0.0, '$3', 50.0, '$2', 100.0, '$2', 50.0, '$4', 0.0, 50.0, 100.0, 50.0, 0.0, 50.0, '$3', 0.0, '$2', 50.0, '$2', 0.0, '$2', 50.0, '$2', 0.0, '$10', 50.0, 100.0, '$2', 50.0, '$2', 0.0, '$11', 50.0, 0.0, 50.0, 0.0, '$5', 50.0, 0.0, 50.0, 0.0, '$4', 50.0, 100.0, '$2', 50.0, 0.0, '$2', 50.0, '$3', 0.0, 50.0, '$2', 100.0, '$3', 50.0, '$3', 100.0, 50.0, '$5', 100.0, '$3', 50.0, '$2', 0.0, '$5', 50.0, '$3', 0.0, 50.0, 100.0, '$2', 50.0, '$2', 100.0, '$2', 50.0, '$2', 0.0, 50.0, 0.0, '$5', 50.0, 0.0, 50.0, '$2', 100.0, 50.0, '$5', 0.0, '$3', 50.0, 100.0, '$5', 50.0, 100.0, '$8', 0.0, '$5', 50.0, 0.0, '$2', 50.0, '$2', 0.0, '$11', 50.0, '$2', 0.0, '$2', 50.0, 0.0, '$3', 50.0, 0.0, '$4', 50.0, '$2', 0.0, 100.0, '$2', 50.0, 0.0, '$2', 50.0, '$11', 0.0, 50.0, '$8', 0.0]
[0.0, '$3', 50.0, '$2', 0.0, 50.0, '$5', 0.0, 50.0, '$4', 0.0, '$2', 50.0, 0.0, '$2', 50.0, 0.0, 50.0, '$5', 0.0, '$2', 50.0, '$3', 0.0, '$4', 50.0, '$4', 0.0, '$11', 50.0, '$5', 0.0, 50.0, '$2', 0.0, '$5', 50.0, '$3', 0.0, '$5', 50.0, '$9', 0.0, '$2', 50.0, '$3', 0.0, '$4', 50.0, 0.0, '$7', 50.0, 0.0, 50.0, '$3', 0.0, '$16', 50.0, 0.0, '$5', 50.0, '$2', 0.0, 50.0, 100.0, 50.0, 0.0, '$4', 50.0, 0.0, '$4', 50.0, 0.0, '$2', 50.0, 0.0, '$7', 50.0, '$2', 0.0, '$2', 100.0, '$5', 50.0, '$7', 0.0, '$3', 50.0, '$2', 100.0, '$5', 50.0, '$3', 0.0, '$4', 50.0, '$3', 0.0, '$2', 50.0, '$3', 0.0, 50.0, '$2', 0.0, 50.0, '$2', 100.0, '$5', 50.0, '$2', 100.0, '$3', 50.0, '$3', 0.0, '$9', 50.0, 0.0, '$5', 50.0, 100.0, 50.0, 0.0, '$5', 50.0, 0.0, 50.0, '$7', 100.0, '$2', 0.0, '$3', 50.0, 0.0, 50.0, '$3', 0.0, 100.0, 50.0, 0.0, '$3', 50.0, '$5', 100.0, '$8', 50.0, 0.0, '$2', 50.0, '$2', 0.0, 50.0, 100.0, '$3', 50.0, '$3', 0.0, '$5', 50.0, '$2', 0.0, '$3', 100.0, '$2', 50.0, 0.0, '$4', 50.0, 100.0, '$2', 50.0, '$2', 0.0, 50.0, 0.0, 50.0, 100.0, 0.0, 50.0, '$3', 0.0, '$5', 50.0, 0.0, '$2', 50.0, '$2', 0.0, '$2', 50.0, 0.0, '$14', 50.0, 0.0, '$2', 50.0, '$2', 100.0, 50.0, 0.0, 50.0, 100.0, '$3', 50.0, '$2', 100.0, 0.0, '$2', 50.0, '$16', 0.0, 50.0, '$3', 0.0]
['$2', 50.0, '$9', 0.0, '$3', 50.0, 0.0, '$2', 50.0, 0.0, '$2', 50.0, 0.0, 50.0, '$7', 0.0, '$2', 50.0, '$3', 0.0, '$4', 50.0, '$5', 0.0, '$8', 50.0, '$10', 0.0, '$5', 50.0, '$3', 0.0, '$3', 50.0, 100.0, '$2', 50.0, '$5', 0.0, '$5', 50.0, '$4', 0.0, '$2', 50.0, '$3', 0.0, '$5', 50.0, 0.0, 50.0, '$5', 0.0, '$13', 50.0, '$3', 0.0, '$3', 50.0, '$2', 100.0, '$6', 50.0, '$2', 0.0, '$4', 50.0, '$4', 0.0, '$10', 50.0, '$2', 0.0, 50.0, 100.0, '$3', 50.0, 100.0, '$8', 50.0, '$3', 100.0, '$7', 50.0, 0.0, '$5', 50.0, '$4', 0.0, 50.0, 100.0, '$3', 0.0, '$2', 50.0, '$2', 0.0, 100.0, '$2', 50.0, '$4', 100.0, 50.0, '$2', 0.0, 50.0, 0.0, '$9', 50.0, 100.0, '$6', 50.0, '$2', 0.0, '$5', 50.0, 100.0, '$5', 50.0, 100.0, 150.0, '$4', 100.0, 50.0, 100.0, '$3', 50.0, '$4', 0.0, '$2', 50.0, '$3', 0.0, '$2', 50.0, 0.0, '$4', 50.0, 100.0, 50.0, '$2', 0.0, '$4', 50.0, '$2', 100.0, '$3', 50.0, '$2', 100.0, '$2', 0.0, '$2', 50.0, 0.0, '$2', 50.0, 100.0, 50.0, '$4', 0.0, 50.0, '$3', 100.0, 50.0, 0.0, '$2', 50.0, '$2', 100.0, 50.0, 0.0, 50.0, '$2', 0.0, 50.0, 100.0, 50.0, 100.0, 50.0, 0.0, 50.0, '$4', 0.0, '$3', 50.0, 0.0, '$17', 50.0, 0.0, '$7', 50.0, '$4', 100.0, '$3', 50.0, 0.0, '$3', 50.0, 0.0, '$3', 50.0, '$6', 0.0, '$9', 50.0, '$2', 0.0, 50.0]
['$3', 50.0, '$8', 0.0, '$4', 50.0, '$2', 0.0, '$5', 50.0, '$3', 0.0, 50.0, '$3', 0.0, '$2', 50.0, '$4', 0.0, '$2', 50.0, '$3', 0.0, '$2', 50.0, '$2', 0.0, '$5', 50.0, '$8', 0.0, 50.0, '$3', 0.0, '$5', 50.0, '$2', 0.0, '$10', 50.0, '$2', 0.0, '$4', 50.0, '$5', 0.0, '$3', 50.0, 0.0, '$2', 50.0, 0.0, '$2', 50.0, 0.0, 50.0, '$6', 0.0, '$14', 50.0, '$3', 0.0, '$2', 50.0, 100.0, 50.0, 100.0, '$10', 50.0, '$2', 0.0, '$5', 50.0, 100.0, 50.0, '$4', 0.0, '$3', 50.0, '$5', 0.0, '$9', 50.0, 0.0, '$2', 50.0, 100.0, 0.0, '$10', 50.0, '$2', 0.0, '$5', 50.0, 100.0, 50.0, 0.0, '$4', 50.0, 0.0, '$2', 50.0, '$4', 100.0, 50.0, '$3', 0.0, '$10', 50.0, '$2', 100.0, '$2', 50.0, '$3', 100.0, 0.0, '$3', 50.0, 100.0, '$3', 50.0, 100.0, '$4', 50.0, 0.0, '$3', 50.0, '$4', 100.0, 50.0, '$2', 0.0, 50.0, '$4', 0.0, '$2', 50.0, '$3', 0.0, '$8', 50.0, '$3', 0.0, '$6', 50.0, '$2', 100.0, 0.0, 50.0, 100.0, 50.0, 0.0, '$5', 50.0, '$2', 100.0, '$4', 50.0, 0.0, 50.0, '$2', 100.0, '$7', 50.0, 0.0, '$3', 50.0, 0.0, '$3', 50.0, 100.0, '$5', 0.0, 50.0, 100.0, 50.0, 100.0, 0.0, '$17', 50.0, 0.0, '$9', 50.0, '$2', 100.0, '$29', 50.0]
[50.0, '$12', 0.0, '$2', 50.0, '$2', 0.0, '$4', 50.0, '$8', 0.0, '$2', 50.0, '$8', 0.0, '$3', 50.0, '$3', 0.0, '$2', 50.0, '$8', 0.0, 50.0, 0.0, 50.0, '$2', 0.0, '$7', 50.0, '$8', 0.0, '$4', 50.0, '$11', 0.0, '$6', 50.0, 100.0, '$6', 50.0, '$2', 0.0, '$10', 50.0, '$2', 0.0, '$2', 50.0, '$3', 0.0, '$6', 50.0, '$2', 0.0, '$4', 50.0, '$2', 0.0, '$8', 50.0, '$2', 100.0, 50.0, '$6', 0.0, '$4', 50.0, '$2', 0.0, '$6', 50.0, '$3', 0.0, '$3', 50.0, 100.0, '$12', 50.0, 0.0, '$3', 50.0, '$2', 100.0, '$2', 50.0, 0.0, '$8', 50.0, '$3', 100.0, 0.0, '$6', 50.0, '$2', 0.0, '$2', 50.0, 0.0, '$4', 50.0, '$4', 100.0, '$2', 50.0, '$2', 100.0, 50.0, '$3', 100.0, 50.0, 0.0, '$6', 50.0, 100.0, '$2', 50.0, '$2', 100.0, '$5', 50.0, '$6', 0.0, '$2', 50.0, 0.0, 50.0, 100.0, 50.0, 100.0, 150.0, 100.0, '$2', 50.0, '$6', 0.0, 50.0, '$3', 0.0, '$2', 50.0, 0.0, 50.0, 100.0, '$5', 50.0, 0.0, '$2', 50.0, '$2', 100.0, 50.0, 100.0, '$3', 50.0, 100.0, '$12', 50.0, 0.0, '$2', 50.0, 100.0, 50.0, '$6', 0.0, '$2', 50.0, '$3', 0.0, '$3', 50.0, '$2', 0.0, '$2', 50.0, 0.0, '$13', 50.0, 0.0, '$5', 50.0, '$2', 100.0, '$4', 50.0, 0.0, '$2', 50.0, '$2', 0.0, '$2', 50.0, '$4', 0.0, 50.0, '$4', 0.0, 50.0, '$6', 0.0]
['$382', 250.0]
['$382', 250.0]
['$382', 250.0]
['$382', 250.0]
['$161', 250.0, 200.0, '$49', 250.0, 200.0, '$6', 250.0, 200.0, '$163', 250.0]
['$102', 250.0, 200.0, '$15', 250.0, 200.0, '$3', 250.0, 200.0, '$97', 250.0, 200.0, '$55', 250.0, 200.0, '$105', 250.0]
['$104', 250.0, 50.0, '$13', 250.0, 150.0, '$3', 250.0, 150.0, '$21', 250.0, 150.0, '$16', 250.0, 50.0, '$2', 250.0, 200.0, '$44', 250.0, 150.0, '$2', 50.0, 200.0, '$5', 250.0, 150.0, 50.0, 200.0, '$2', 250.0, 200.0, 100.0, 50.0, 100.0, '$3', 200.0, 100.0, '$3', 50.0, 150.0, 200.0, 250.0, 150.0, '$2', 50.0, 100.0, 200.0, '$2', 250.0, 150.0, 100.0, 50.0, 100.0, 200.0, '$2', 250.0, 150.0, '$2', 50.0, 200.0, '$3', 250.0, 100.0, '$2', 50.0, 100.0, 200.0, '$2', 250.0, 100.0, '$3', 50.0, 200.0, '$2', 250.0, 150.0, 100.0, 50.0, 100.0, 200.0, '$105', 250.0]
['$104', 250.0, 50.0, '$13', 250.0, 50.0, '$3', 250.0, 50.0, '$21', 250.0, 50.0, '$16', 250.0, 50.0, '$47', 250.0, '$2', 200.0, 50.0, 200.0, '$4', 250.0, 200.0, 100.0, 50.0, 200.0, 250.0, 200.0, 100.0, 150.0, 250.0, 150.0, 100.0, '$2', 250.0, 100.0, 200.0, '$4', 250.0, 200.0, 50.0, 200.0, 250.0, 150.0, 100.0, '$2', 200.0, 50.0, '$2', 200.0, 150.0, 100.0, 200.0, 250.0, '$2', 200.0, 50.0, 200.0, '$3', 250.0, 200.0, '$2', 250.0, 150.0, 100.0, '$2', 250.0, 200.0, '$2', 250.0, 150.0, 100.0, 250.0, 200.0, 50.0, '$2', 200.0, 150.0, 100.0, 200.0, '$104', 250.0]
['$98', 250.0, '$4', 100.0, '$2', 250.0, 50.0, 150.0, 100.0, 50.0, 150.0, '$2', 250.0, 50.0, '$3', 250.0, 50.0, 250.0, 150.0, 50.0, '$3', 100.0, 50.0, '$2', 100.0, 250.0, 200.0, 100.0, 50.0, 100.0, 200.0, '$2', 250.0, 50.0, 150.0, 100.0, 150.0, 200.0, 100.0, 50.0, '$2', 100.0, 250.0, 150.0, 50.0, '$2', 100.0, 250.0, 200.0, '$3', 100.0, 200.0, '$2', 250.0, 200.0, 100.0, '$2', 50.0, 200.0, 250.0, 50.0, '$2', 250.0, '$2', 100.0, '$5', 250.0, 200.0, '$3', 100.0, 200.0, 250.0, 150.0, 100.0, 50.0, 100.0, 200.0, '$2', 250.0, 50.0, 150.0, 100.0, 50.0, 200.0, 150.0, 50.0, 100.0, 200.0, '$8', 250.0, 200.0, '$9', 250.0, 50.0, 200.0, '$3', 250.0, 200.0, 100.0, 200.0, 50.0, 200.0, 250.0, 200.0, 50.0, '$3', 250.0, 50.0, 200.0, 250.0, 100.0, 200.0, '$4', 250.0, 200.0, 50.0, '$2', 250.0, 200.0, 50.0, '$2', 200.0, 50.0, '$2', 250.0, 200.0, 50.0, 200.0, '$3', 250.0, 50.0, 200.0, '$6', 250.0, 150.0, 50.0, '$5', 250.0, 150.0, 100.0, 250.0, 200.0, 50.0, '$2', 250.0, 200.0, 50.0, 200.0, '$104', 250.0]
['$97', 250.0, 200.0, 100.0, '$2', 250.0, 200.0, '$2', 250.0, 50.0, 150.0, 250.0, 200.0, 50.0, 250.0, 200.0, 50.0, '$3', 250.0, 50.0, '$2', 250.0, 50.0, 200.0, '$2', 250.0, 50.0, '$2', 250.0, 200.0, 50.0, 200.0, 250.0, 200.0, 50.0, 200.0, 250.0, 50.0, 150.0, '$2', 250.0, 200.0, 100.0, '$2', 250.0, 200.0, '$2', 250.0, 50.0, '$2', 250.0, 200.0, 50.0, 200.0, 250.0, 150.0, 100.0, 250.0, 200.0, 50.0, '$4', 200.0, 250.0, 50.0, 200.0, 100.0, 150.0, 200.0, '$4', 250.0, 200.0, 50.0, 200.0, '$2', 250.0, '$2', 200.0, 50.0, 200.0, 250.0, 150.0, 100.0, 200.0, 250.0, 50.0, 150.0, 250.0, 150.0, 50.0, 150.0, 250.0, 150.0, 100.0, '$6', 250.0, 200.0, '$2', 50.0, 150.0, '$8', 250.0, 50.0, 200.0, '$3', 250.0, '$2', 150.0, 250.0, 50.0, '$3', 200.0, 50.0, '$3', 250.0, 50.0, 200.0, 250.0, '$3', 50.0, 100.0, 200.0, 250.0, 200.0, 50.0, 200.0, 250.0, 150.0, 50.0, '$2', 200.0, 50.0, 200.0, 250.0, 150.0, 50.0, 200.0, '$3', 250.0, 50.0, 200.0, '$4', 250.0, 100.0, '$2', 50.0, 200.0, '$3', 250.0, 100.0, '$2', 50.0, 200.0, 250.0, 200.0, 50.0, '$2', 200.0, 150.0, 50.0, 200.0, '$104', 250.0]
['$97', 250.0, 200.0, 50.0, 100.0, 150.0, 200.0, 250.0, 200.0, 50.0, '$3', 250.0, 50.0, 250.0, 200.0, 50.0, '$3', 250.0, 50.0, '$2', 250.0, 50.0, '$3', 250.0, 50.0, '$2', 250.0, 150.0, 50.0, '$3', 100.0, 50.0, 200.0, 250.0, 50.0, 200.0, '$2', 250.0, 200.0, 50.0, 100.0, 150.0, 200.0, '$2', 250.0, 50.0, '$2', 250.0, 150.0, 100.0, '$2', 250.0, 200.0, 50.0, 250.0, 150.0, 100.0, '$5', 250.0, '$2', 50.0, 150.0, '$6', 250.0, 150.0, 100.0, '$4', 250.0, 150.0, 100.0, '$3', 250.0, 50.0, 200.0, 250.0, 50.0, 200.0, 250.0, 200.0, 50.0, '$2', 250.0, 200.0, 100.0, '$5', 250.0, 200.0, 150.0, '$2', 50.0, 100.0, '$8', 250.0, 50.0, 200.0, '$2', 250.0, 200.0, 100.0, '$2', 250.0, 50.0, 200.0, 250.0, 200.0, 50.0, '$3', 250.0, 50.0, 200.0, 250.0, 200.0, '$2', 250.0, 150.0, 100.0, 200.0, 250.0, 150.0, '$2', 100.0, 150.0, 50.0, 200.0, 250.0, 150.0, '$2', 100.0, 150.0, 50.0, 200.0, '$3', 250.0, 50.0, 200.0, '$6', 250.0, 150.0, 100.0, '$5', 250.0, 150.0, 100.0, '$2', 250.0, 150.0, 100.0, 50.0, 150.0, 50.0, 200.0, '$104', 250.0]
['$99', 250.0, 150.0, 100.0, 50.0, '$2', 250.0, 50.0, '$3', 250.0, 50.0, 250.0, 200.0, 50.0, '$3', 250.0, 50.0, '$2', 250.0, 50.0, '$3', 250.0, 50.0, '$2', 250.0, 150.0, 100.0, '$6', 250.0, 50.0, '$5', 250.0, 150.0, 100.0, 50.0, '$2', 250.0, 50.0, 200.0, 250.0, 150.0, 100.0, 250.0, 200.0, 250.0, 50.0, 200.0, 150.0, 100.0, '$5', 250.0, 50.0, '$2', 100.0, 200.0, '$5', 250.0, 150.0, 100.0, '$4', 250.0, 150.0, 100.0, '$3', 250.0, 50.0, 200.0, 250.0, 50.0, '$2', 250.0, 200.0, 50.0, '$2', 250.0, 200.0, 100.0, '$6', 250.0, 200.0, 100.0, 50.0, 150.0, '$8', 250.0, 50.0, 200.0, '$2', 250.0, 150.0, '$5', 50.0, 150.0, 200.0, 50.0, 200.0, 250.0, 200.0, 50.0, 200.0, '$4', 250.0, 200.0, 50.0, '$3', 250.0, 200.0, 250.0, 200.0, 50.0, 200.0, '$4', 250.0, 200.0, 50.0, 200.0, '$3', 250.0, 50.0, 200.0, '$3', 250.0, 200.0, '$3', 250.0, 50.0, 200.0, '$5', 250.0, 50.0, 200.0, '$4', 250.0, 200.0, 50.0, 200.0, '$104', 250.0]
['$97', 250.0, '$2', 200.0, '$2', 250.0, 50.0, 200.0, 250.0, 50.0, '$3', 250.0, 50.0, 200.0, 250.0, 50.0, 200.0, 250.0, 150.0, 50.0, '$2', 250.0, 50.0, 200.0, '$2', 250.0, 50.0, 200.0, 250.0, 200.0, 50.0, 200.0, '$2', 250.0, 200.0, '$2', 250.0, 50.0, '$3', 250.0, '$2', 200.0, '$2', 250.0, 50.0, 200.0, 250.0, 50.0, 200.0, 250.0, 200.0, 50.0, 200.0, 250.0, 150.0, 100.0, 250.0, 200.0, 50.0, 200.0, '$2', 250.0, 200.0, 250.0, 50.0, 200.0, 150.0, 100.0, 200.0, 250.0, '$2', 200.0, 250.0, 200.0, 50.0, 200.0, '$2', 250.0, '$2', 200.0, 50.0, 200.0, 250.0, 150.0, 100.0, '$2', 250.0, 50.0, '$2', 250.0, 200.0, 50.0, '$2', 250.0, 200.0, 100.0, '$18', 250.0, 50.0, 200.0, '$6', 250.0, 50.0, 200.0, '$2', 250.0, 100.0, 150.0, 250.0, 150.0, 100.0, 250.0, '$2', 200.0, '$2', 250.0, 150.0, 100.0, '$2', 250.0, 200.0, 250.0, 200.0, 100.0, 150.0, '$2', 250.0, 200.0, 250.0, 200.0, 100.0, 150.0, '$4', 250.0, 50.0, 200.0, '$2', 250.0, '$2', 200.0, '$2', 250.0, 150.0, 50.0, 250.0, '$2', 200.0, '$2', 250.0, 150.0, 50.0, '$2', 250.0, 200.0, 250.0, 200.0, 100.0, 150.0, '$105', 250.0]
['$97', 250.0, 200.0, '$2', 100.0, 50.0, 150.0, '$2', 250.0, 50.0, '$3', 250.0, 50.0, '$2', 250.0, 150.0, '$2', 100.0, 150.0, 50.0, '$2', 250.0, 150.0, 50.0, 100.0, 200.0, 150.0, '$2', 50.0, 250.0, 200.0, '$2', 100.0, 50.0, 100.0, '$2', 250.0, 50.0, '$3', 250.0, 200.0, '$2', 100.0, 50.0, 150.0, 200.0, 250.0, 150.0, 50.0, 100.0, '$2', 200.0, '$2', 50.0, 100.0, 200.0, '$2', 250.0, 200.0, 100.0, 50.0, 100.0, 200.0, 250.0, 50.0, '$2', 250.0, 150.0, 100.0, 200.0, 50.0, 150.0, '$2', 250.0, 200.0, 100.0, '$2', 50.0, 200.0, 250.0, 200.0, 100.0, 50.0, 100.0, 200.0, '$2', 250.0, 50.0, '$2', 250.0, 200.0, 50.0, '$2', 250.0, 200.0, 100.0, '$16', 250.0, 100.0, '$4', 50.0, '$5', 250.0, 50.0, 200.0, '$2', 250.0, 200.0, 100.0, 50.0, 100.0, 200.0, 250.0, 200.0, 100.0, '$2', 50.0, 100.0, 200.0, '$2', 250.0, 100.0, '$2', 50.0, 100.0, 200.0, '$2', 250.0, 100.0, '$2', 50.0, 100.0, '$3', 250.0, 100.0, '$4', 50.0, 250.0, 200.0, '$3', 50.0, 100.0, 200.0, 250.0, 200.0, 100.0, '$2', 50.0, 100.0, 200.0, 250.0, 200.0, 100.0, '$2', 50.0, 100.0, '$106', 250.0]
['$133', 250.0, 200.0, '$24', 250.0, 200.0, '$53', 250.0, 200.0, '$42', 250.0, 200.0, '$126', 250.0]
['$102', 250.0, 200.0, '$19', 250.0, 200.0, '$19', 250.0, 200.0, '$23', 250.0, 200.0, '$83', 250.0, 200.0, '$131', 250.0]
['$382', 250.0]
['$382', 250.0]
['$382', 250.0]
['$382', 250.0]
